1 0.017167 0.500000 0.010000 1.000000
1 0.017166 0.500000 0.010000 1.000000
1 0.017166 0.500000 0.010000 1.000000
1 0.017166 0.500000 0.010000 1.000000
1 0.017166 0.500000 0.010000 1.000000
1 0.017166 0.500000 0.010000 1.000000
1 0.017165 0.500000 0.010000 1.000000
1 0.017151 0.500000 0.010000 1.000000
1 0.017120 0.500000 0.010000 1.000000
1 0.017105 0.500000 0.010000 1.000000
1 0.017039 0.500000 0.010000 1.000000
1 0.017013 0.500000 0.010000 1.000000
1 0.016937 0.500000 0.010000 1.000000
1 0.016936 0.500000 0.010000 1.000000
1 0.016930 0.500000 0.010000 1.000000
1 0.016921 0.500000 0.010000 1.000000
1 0.016896 0.500000 0.010000 1.000000
1 0.016749 0.500000 0.010000 1.000000
1 0.016749 0.500000 0.010000 1.000000
1 0.016696 0.500000 0.010000 1.000000
1 0.016696 0.500000 0.010000 1.000000
1 0.016696 0.500000 0.010000 1.000000
1 0.016696 0.500000 0.010000 1.000000
1 0.016696 0.500000 0.010000 1.000000
1 0.016696 0.500000 0.010000 1.000000
1 0.016690 0.500000 0.010000 1.000000
1 0.016690 0.500000 0.010000 1.000000
1 0.016690 0.500000 0.010000 1.000000
1 0.016689 0.500000 0.010000 1.000000
1 0.016689 0.500000 0.010000 1.000000
1 0.016689 0.500000 0.010000 1.000000
1 0.016689 0.500000 0.010000 1.000000
1 0.016684 0.500000 0.010000 1.000000
1 0.016684 0.500000 0.010000 1.000000
1 0.016684 0.500000 0.010000 1.000000
1 0.016683 0.500000 0.010000 1.000000
1 0.016683 0.500000 0.010000 1.000000
1 0.016683 0.500000 0.010000 1.000000
1 0.016683 0.500000 0.010000 1.000000
1 0.016683 0.500000 0.010000 1.000000
1 0.016683 0.500000 0.010000 1.000000
1 0.016683 0.500000 0.010000 1.000000
1 0.016683 0.500000 0.010000 1.000000
1 0.016683 0.500000 0.010000 1.000000
1 0.016682 0.500000 0.010000 1.000000
1 0.016682 0.500000 0.010000 1.000000
1 0.016682 0.500000 0.010000 1.000000
1 0.016682 0.500000 0.010000 1.000000
1 0.016682 0.500000 0.010000 1.000000
1 0.016682 0.500000 0.010000 1.000000
1 0.016682 0.500000 0.010000 1.000000
1 0.016681 0.500000 0.010000 1.000000
1 0.016681 0.500000 0.010000 1.000000
1 0.016681 0.500000 0.010000 1.000000
1 0.016681 0.500000 0.010000 1.000000
1 0.016681 0.500000 0.010000 1.000000
1 0.016681 0.500000 0.010000 1.000000
1 0.016681 0.500000 0.010000 1.000000
1 0.016681 0.500000 0.010000 1.000000
1 0.016680 0.500000 0.010000 1.000000
1 0.016680 0.500000 0.010000 1.000000
1 0.016679 0.500000 0.010000 1.000000
1 0.016672 0.500000 0.010000 1.000000
1 0.016672 0.500000 0.010000 1.000000
1 0.016672 0.500000 0.010000 1.000000
1 0.016672 0.500000 0.010000 1.000000
1 0.016665 0.500000 0.010000 1.000000
1 0.016665 0.500000 0.010000 1.000000
1 0.016664 0.500000 0.010000 1.000000
1 0.016664 0.500000 0.010000 1.000000
1 0.016664 0.500000 0.010000 1.000000
1 0.016664 0.500000 0.010000 1.000000
1 0.016664 0.500000 0.010000 1.000000
1 0.016664 0.500000 0.010000 1.000000
1 0.016664 0.500000 0.010000 1.000000
1 0.016664 0.500000 0.010000 1.000000
1 0.016664 0.500000 0.010000 1.000000
1 0.016664 0.500000 0.010000 1.000000
1 0.016663 0.500000 0.010000 1.000000
1 0.016663 0.500000 0.010000 1.000000
1 0.016663 0.500000 0.010000 1.000000
1 0.016663 0.500000 0.010000 1.000000
1 0.016663 0.500000 0.010000 1.000000
1 0.016663 0.500000 0.010000 1.000000
1 0.016388 0.500000 0.010000 1.000000
1 0.016248 0.500000 0.010000 1.000000
1 0.016247 0.500000 0.010000 1.000000
1 0.016247 0.500000 0.010000 1.000000
1 0.016247 0.500000 0.010000 1.000000
1 0.016247 0.500000 0.010000 1.000000
1 0.016247 0.500000 0.010000 1.000000
1 0.016247 0.500000 0.010000 1.000000
1 0.016246 0.500000 0.010000 1.000000
1 0.016246 0.500000 0.010000 1.000000
1 0.016246 0.500000 0.010000 1.000000
1 0.016246 0.500000 0.010000 1.000000
1 0.016245 0.500000 0.010000 1.000000
1 0.016238 0.500000 0.010000 1.000000
1 0.016238 0.500000 0.010000 1.000000
1 0.016238 0.500000 0.010000 1.000000
1 0.016238 0.500000 0.010000 1.000000
1 0.016238 0.500000 0.010000 1.000000
1 0.016238 0.500000 0.010000 1.000000
1 0.016238 0.500000 0.010000 1.000000
1 0.016238 0.500000 0.010000 1.000000
1 0.016238 0.500000 0.010000 1.000000
1 0.016237 0.500000 0.010000 1.000000
1 0.016234 0.500000 0.010000 1.000000
1 0.016231 0.500000 0.010000 1.000000
1 0.016230 0.500000 0.010000 1.000000
1 0.016229 0.500000 0.010000 1.000000
1 0.016222 0.500000 0.010000 1.000000
1 0.016222 0.500000 0.010000 1.000000
1 0.016221 0.500000 0.010000 1.000000
1 0.016221 0.500000 0.010000 1.000000
1 0.016221 0.500000 0.010000 1.000000
1 0.016221 0.500000 0.010000 1.000000
1 0.016221 0.500000 0.010000 1.000000
1 0.016221 0.500000 0.010000 1.000000
1 0.016221 0.500000 0.010000 1.000000
1 0.016221 0.500000 0.010000 1.000000
1 0.016219 0.500000 0.010000 1.000000
1 0.016219 0.500000 0.010000 1.000000
1 0.016219 0.500000 0.010000 1.000000
1 0.016219 0.500000 0.010000 1.000000
1 0.016219 0.500000 0.010000 1.000000
1 0.016219 0.500000 0.010000 1.000000
1 0.016218 0.500000 0.010000 1.000000
1 0.016213 0.500000 0.010000 1.000000
1 0.016213 0.500000 0.010000 1.000000
1 0.016213 0.500000 0.010000 1.000000
1 0.016213 0.500000 0.010000 1.000000
1 0.016213 0.500000 0.010000 1.000000
1 0.016212 0.500000 0.010000 1.000000
1 0.016212 0.500000 0.010000 1.000000
1 0.016212 0.500000 0.010000 1.000000
1 0.016212 0.500000 0.010000 1.000000
1 0.016206 0.500000 0.010000 1.000000
1 0.016206 0.500000 0.010000 1.000000
1 0.016205 0.500000 0.010000 1.000000
1 0.015878 0.500000 0.010000 1.000000
1 0.015869 0.500000 0.010000 1.000000
1 0.015655 0.500000 0.010000 1.000000
1 0.015515 0.500000 0.010000 1.000000
1 0.015508 0.500000 0.010000 1.000000
1 0.015506 0.500000 0.010000 1.000000
1 0.015504 0.500000 0.010000 1.000000
1 0.015502 0.500000 0.010000 1.000000
1 0.015495 0.500000 0.010000 1.000000
1 0.015304 0.500000 0.010000 1.000000
1 0.015303 0.500000 0.010000 1.000000
1 0.015303 0.500000 0.010000 1.000000
1 0.015303 0.500000 0.010000 1.000000
1 0.015303 0.500000 0.010000 1.000000
1 0.015303 0.500000 0.010000 1.000000
1 0.015303 0.500000 0.010000 1.000000
1 0.015303 0.500000 0.010000 1.000000
1 0.015303 0.500000 0.010000 1.000000
1 0.015303 0.500000 0.010000 1.000000
1 0.015298 0.500000 0.010000 1.000000
1 0.015298 0.500000 0.010000 1.000000
1 0.015298 0.500000 0.010000 1.000000
1 0.015298 0.500000 0.010000 1.000000
1 0.015293 0.500000 0.010000 1.000000
1 0.015293 0.500000 0.010000 1.000000
1 0.015293 0.500000 0.010000 1.000000
1 0.015293 0.500000 0.010000 1.000000
1 0.015293 0.500000 0.010000 1.000000
1 0.015293 0.500000 0.010000 1.000000
1 0.015292 0.500000 0.010000 1.000000
1 0.015266 0.500000 0.010000 1.000000
1 0.015266 0.500000 0.010000 1.000000
1 0.015265 0.500000 0.010000 1.000000
1 0.015259 0.500000 0.010000 1.000000
1 0.015259 0.500000 0.010000 1.000000
1 0.015259 0.500000 0.010000 1.000000
1 0.015259 0.500000 0.010000 1.000000
1 0.015259 0.500000 0.010000 1.000000
1 0.015259 0.500000 0.010000 1.000000
1 0.015259 0.500000 0.010000 1.000000
1 0.015258 0.500000 0.010000 1.000000
1 0.015258 0.500000 0.010000 1.000000
1 0.015258 0.500000 0.010000 1.000000
1 0.015258 0.500000 0.010000 1.000000
1 0.015258 0.500000 0.010000 1.000000
1 0.015258 0.500000 0.010000 1.000000
1 0.015258 0.500000 0.010000 1.000000
1 0.015258 0.500000 0.010000 1.000000
1 0.015253 0.500000 0.010000 1.000000
1 0.015253 0.500000 0.010000 1.000000
1 0.015253 0.500000 0.010000 1.000000
1 0.015253 0.500000 0.010000 1.000000
1 0.015253 0.500000 0.010000 1.000000
1 0.015253 0.500000 0.010000 1.000000
1 0.015253 0.500000 0.010000 1.000000
1 0.015252 0.500000 0.010000 1.000000
1 0.015252 0.500000 0.010000 1.000000
1 0.015252 0.500000 0.010000 1.000000
1 0.015252 0.500000 0.010000 1.000000
1 0.015252 0.500000 0.010000 1.000000
1 0.015252 0.500000 0.010000 1.000000
1 0.015252 0.500000 0.010000 1.000000
1 0.015252 0.500000 0.010000 1.000000
1 0.015252 0.500000 0.010000 1.000000
1 0.015252 0.500000 0.010000 1.000000
1 0.015251 0.500000 0.010000 1.000000
1 0.015251 0.500000 0.010000 1.000000
1 0.015251 0.500000 0.010000 1.000000
1 0.015250 0.500000 0.010000 1.000000
1 0.015250 0.500000 0.010000 1.000000
1 0.015250 0.500000 0.010000 1.000000
1 0.015250 0.500000 0.010000 1.000000
1 0.015250 0.500000 0.010000 1.000000
1 0.015250 0.500000 0.010000 1.000000
1 0.015250 0.500000 0.010000 1.000000
1 0.015250 0.500000 0.010000 1.000000
1 0.015249 0.500000 0.010000 1.000000
1 0.015234 0.500000 0.010000 1.000000
1 0.015234 0.500000 0.010000 1.000000
1 0.015234 0.500000 0.010000 1.000000
1 0.015234 0.500000 0.010000 1.000000
1 0.015234 0.500000 0.010000 1.000000
1 0.015234 0.500000 0.010000 1.000000
1 0.015234 0.500000 0.010000 1.000000
1 0.015233 0.500000 0.010000 1.000000
1 0.015233 0.500000 0.010000 1.000000
1 0.015233 0.500000 0.010000 1.000000
1 0.015233 0.500000 0.010000 1.000000
1 0.015233 0.500000 0.010000 1.000000
1 0.015233 0.500000 0.010000 1.000000
1 0.015233 0.500000 0.010000 1.000000
1 0.015233 0.500000 0.010000 1.000000
1 0.015233 0.500000 0.010000 1.000000
1 0.015233 0.500000 0.010000 1.000000
1 0.015233 0.500000 0.010000 1.000000
1 0.015232 0.500000 0.010000 1.000000
1 0.015157 0.500000 0.010000 1.000000
1 0.015155 0.500000 0.010000 1.000000
1 0.015155 0.500000 0.010000 1.000000
1 0.015155 0.500000 0.010000 1.000000
1 0.015154 0.500000 0.010000 1.000000
1 0.015153 0.500000 0.010000 1.000000
1 0.015153 0.500000 0.010000 1.000000
1 0.015152 0.500000 0.010000 1.000000
1 0.015151 0.500000 0.010000 1.000000
1 0.015151 0.500000 0.010000 1.000000
1 0.015151 0.500000 0.010000 1.000000
1 0.015151 0.500000 0.010000 1.000000
1 0.015150 0.500000 0.010000 1.000000
1 0.015149 0.500000 0.010000 1.000000
1 0.015148 0.500000 0.010000 1.000000
1 0.015148 0.500000 0.010000 1.000000
1 0.015148 0.500000 0.010000 1.000000
1 0.015147 0.500000 0.010000 1.000000
1 0.015145 0.500000 0.010000 1.000000
1 0.015144 0.500000 0.010000 1.000000
1 0.015142 0.500000 0.010000 1.000000
1 0.015141 0.500000 0.010000 1.000000
1 0.015140 0.500000 0.010000 1.000000
1 0.015140 0.500000 0.010000 1.000000
1 0.015139 0.500000 0.010000 1.000000
1 0.015137 0.500000 0.010000 1.000000
1 0.015116 0.500000 0.010000 1.000000
1 0.015115 0.500000 0.010000 1.000000
1 0.015115 0.500000 0.010000 1.000000
1 0.015113 0.500000 0.010000 1.000000
1 0.015113 0.500000 0.010000 1.000000
1 0.015111 0.500000 0.010000 1.000000
1 0.015111 0.500000 0.010000 1.000000
1 0.015111 0.500000 0.010000 1.000000
1 0.015110 0.500000 0.010000 1.000000
1 0.015110 0.500000 0.010000 1.000000
1 0.015109 0.500000 0.010000 1.000000
1 0.015108 0.500000 0.010000 1.000000
1 0.015107 0.500000 0.010000 1.000000
1 0.015107 0.500000 0.010000 1.000000
1 0.015105 0.500000 0.010000 1.000000
1 0.015104 0.500000 0.010000 1.000000
1 0.015103 0.500000 0.010000 1.000000
1 0.015102 0.500000 0.010000 1.000000
1 0.015102 0.500000 0.010000 1.000000
1 0.015101 0.500000 0.010000 1.000000
1 0.015100 0.500000 0.010000 1.000000
1 0.015100 0.500000 0.010000 1.000000
1 0.015099 0.500000 0.010000 1.000000
1 0.015098 0.500000 0.010000 1.000000
1 0.015098 0.500000 0.010000 1.000000
1 0.015098 0.500000 0.010000 1.000000
1 0.015098 0.500000 0.010000 1.000000
1 0.015068 0.500000 0.010000 1.000000
1 0.015004 0.500000 0.010000 1.000000
1 0.014923 0.500000 0.010000 1.000000
1 0.014896 0.500000 0.010000 1.000000
1 0.014895 0.500000 0.010000 1.000000
1 0.014884 0.500000 0.010000 1.000000
1 0.014819 0.500000 0.010000 1.000000
1 0.014819 0.500000 0.010000 1.000000
1 0.014819 0.500000 0.010000 1.000000
1 0.014818 0.500000 0.010000 1.000000
1 0.014818 0.500000 0.010000 1.000000
1 0.014818 0.500000 0.010000 1.000000
1 0.014817 0.500000 0.010000 1.000000
1 0.014817 0.500000 0.010000 1.000000
1 0.014817 0.500000 0.010000 1.000000
1 0.014817 0.500000 0.010000 1.000000
1 0.014817 0.500000 0.010000 1.000000
1 0.014816 0.500000 0.010000 1.000000
1 0.014816 0.500000 0.010000 1.000000
1 0.014816 0.500000 0.010000 1.000000
1 0.014815 0.500000 0.010000 1.000000
1 0.014815 0.500000 0.010000 1.000000
1 0.014815 0.500000 0.010000 1.000000
1 0.014815 0.500000 0.010000 1.000000
1 0.014815 0.500000 0.010000 1.000000
1 0.014811 0.500000 0.010000 1.000000
1 0.014808 0.500000 0.010000 1.000000
1 0.014808 0.500000 0.010000 1.000000
1 0.014808 0.500000 0.010000 1.000000
1 0.014808 0.500000 0.010000 1.000000
1 0.014807 0.500000 0.010000 1.000000
1 0.014807 0.500000 0.010000 1.000000
1 0.014807 0.500000 0.010000 1.000000
1 0.014806 0.500000 0.010000 1.000000
1 0.014804 0.500000 0.010000 1.000000
1 0.014804 0.500000 0.010000 1.000000
1 0.014804 0.500000 0.010000 1.000000
1 0.014804 0.500000 0.010000 1.000000
1 0.014804 0.500000 0.010000 1.000000
1 0.014804 0.500000 0.010000 1.000000
1 0.014804 0.500000 0.010000 1.000000
1 0.014799 0.500000 0.010000 1.000000
1 0.014799 0.500000 0.010000 1.000000
1 0.014799 0.500000 0.010000 1.000000
1 0.014799 0.500000 0.010000 1.000000
1 0.014799 0.500000 0.010000 1.000000
1 0.014799 0.500000 0.010000 1.000000
1 0.014792 0.500000 0.010000 1.000000
1 0.014791 0.500000 0.010000 1.000000
1 0.014791 0.500000 0.010000 1.000000
1 0.014791 0.500000 0.010000 1.000000
1 0.014791 0.500000 0.010000 1.000000
1 0.014791 0.500000 0.010000 1.000000
1 0.014791 0.500000 0.010000 1.000000
1 0.014791 0.500000 0.010000 1.000000
1 0.014790 0.500000 0.010000 1.000000
1 0.014790 0.500000 0.010000 1.000000
1 0.014790 0.500000 0.010000 1.000000
1 0.014790 0.500000 0.010000 1.000000
1 0.014790 0.500000 0.010000 1.000000
1 0.014790 0.500000 0.010000 1.000000
1 0.014790 0.500000 0.010000 1.000000
1 0.014789 0.500000 0.010000 1.000000
1 0.014788 0.500000 0.010000 1.000000
1 0.014788 0.500000 0.010000 1.000000
1 0.014783 0.500000 0.010000 1.000000
1 0.014783 0.500000 0.010000 1.000000
1 0.014783 0.500000 0.010000 1.000000
1 0.014782 0.500000 0.010000 1.000000
1 0.014782 0.500000 0.010000 1.000000
1 0.014782 0.500000 0.010000 1.000000
1 0.014782 0.500000 0.010000 1.000000
1 0.014782 0.500000 0.010000 1.000000
1 0.014781 0.500000 0.010000 1.000000
1 0.014781 0.500000 0.010000 1.000000
1 0.014781 0.500000 0.010000 1.000000
1 0.014779 0.500000 0.010000 1.000000
1 0.014779 0.500000 0.010000 1.000000
1 0.014779 0.500000 0.010000 1.000000
1 0.014778 0.500000 0.010000 1.000000
1 0.014776 0.500000 0.010000 1.000000
1 0.014775 0.500000 0.010000 1.000000
1 0.014775 0.500000 0.010000 1.000000
1 0.014775 0.500000 0.010000 1.000000
1 0.014775 0.500000 0.010000 1.000000
1 0.014775 0.500000 0.010000 1.000000
1 0.014775 0.500000 0.010000 1.000000
1 0.014775 0.500000 0.010000 1.000000
1 0.014775 0.500000 0.010000 1.000000
1 0.014775 0.500000 0.010000 1.000000
1 0.014775 0.500000 0.010000 1.000000
1 0.014538 0.500000 0.010000 1.000000
1 0.014535 0.500000 0.010000 1.000000
1 0.014535 0.500000 0.010000 1.000000
1 0.014534 0.500000 0.010000 1.000000
1 0.014534 0.500000 0.010000 1.000000
1 0.014455 0.500000 0.010000 1.000000
1 0.014451 0.500000 0.010000 1.000000
1 0.014444 0.500000 0.010000 1.000000
1 0.014440 0.500000 0.010000 1.000000
1 0.014430 0.500000 0.010000 1.000000
0 0.336548 0.500000 0.010000 1.000000
0 0.102877 0.500000 0.010000 1.000000
0 0.475193 0.500000 0.010000 1.000000
0 0.770124 0.500000 0.010000 1.000000
0 0.427893 0.500000 0.010000 1.000000
0 0.733645 0.500000 0.010000 1.000000
0 0.933006 0.500000 0.010000 1.000000
0 0.086673 0.500000 0.010000 1.000000
0 0.126241 0.500000 0.010000 1.000000
0 0.530016 0.500000 0.010000 1.000000
0 0.072376 0.500000 0.010000 1.000000
0 0.319847 0.500000 0.010000 1.000000
0 0.601130 0.500000 0.010000 1.000000
0 0.382340 0.500000 0.010000 1.000000
0 0.946585 0.500000 0.010000 1.000000
0 0.535073 0.500000 0.010000 1.000000
0 0.584671 0.500000 0.010000 1.000000
0 0.244992 0.500000 0.010000 1.000000
0 0.429867 0.500000 0.010000 1.000000
0 0.821488 0.500000 0.010000 1.000000
0 0.899949 0.500000 0.010000 1.000000
0 0.220252 0.500000 0.010000 1.000000
0 0.140670 0.500000 0.010000 1.000000
0 0.906506 0.500000 0.010000 1.000000
0 0.198599 0.500000 0.010000 1.000000
0 0.250386 0.500000 0.010000 1.000000
0 0.719577 0.500000 0.010000 1.000000
0 0.098309 0.500000 0.010000 1.000000
0 0.089111 0.500000 0.010000 1.000000
0 0.460544 0.500000 0.010000 1.000000
0 0.480289 0.500000 0.010000 1.000000
0 0.472244 0.500000 0.010000 1.000000
0 0.488693 0.500000 0.010000 1.000000
0 0.736580 0.500000 0.010000 1.000000
0 0.378828 0.500000 0.010000 1.000000
0 0.067914 0.500000 0.010000 1.000000
0 0.741945 0.500000 0.010000 1.000000
0 0.553376 0.500000 0.010000 1.000000
0 0.528024 0.500000 0.010000 1.000000
0 0.877665 0.500000 0.010000 1.000000
0 0.434228 0.500000 0.010000 1.000000
0 0.187707 0.500000 0.010000 1.000000
0 0.781183 0.500000 0.010000 1.000000
0 0.670547 0.500000 0.010000 1.000000
0 0.748745 0.500000 0.010000 1.000000
0 0.432328 0.500000 0.010000 1.000000
0 0.732316 0.500000 0.010000 1.000000
0 0.069370 0.500000 0.010000 1.000000
0 0.602162 0.500000 0.010000 1.000000
0 0.158723 0.500000 0.010000 1.000000
0 0.277978 0.500000 0.010000 1.000000
0 0.396942 0.500000 0.010000 1.000000
0 0.643801 0.500000 0.010000 1.000000
0 0.413286 0.500000 0.010000 1.000000
0 0.448897 0.500000 0.010000 1.000000
0 0.160132 0.500000 0.010000 1.000000
0 0.610659 0.500000 0.010000 1.000000
0 0.742355 0.500000 0.010000 1.000000
0 0.058128 0.500000 0.010000 1.000000
0 0.906130 0.500000 0.010000 1.000000
0 0.681331 0.500000 0.010000 1.000000
0 0.742134 0.500000 0.010000 1.000000
0 0.495115 0.500000 0.010000 1.000000
0 0.229906 0.500000 0.010000 1.000000
0 0.125383 0.500000 0.010000 1.000000
0 0.103864 0.500000 0.010000 1.000000
0 0.373173 0.500000 0.010000 1.000000
0 0.730984 0.500000 0.010000 1.000000
0 0.510110 0.500000 0.010000 1.000000
0 0.626871 0.500000 0.010000 1.000000
0 0.801075 0.500000 0.010000 1.000000
0 0.546665 0.500000 0.010000 1.000000
0 0.918737 0.500000 0.010000 1.000000
0 0.472403 0.500000 0.010000 1.000000
0 0.439111 0.500000 0.010000 1.000000
0 0.804064 0.500000 0.010000 1.000000
0 0.764878 0.500000 0.010000 1.000000
0 0.452610 0.500000 0.010000 1.000000
0 0.762924 0.500000 0.010000 1.000000
0 0.366769 0.500000 0.010000 1.000000
0 0.631372 0.500000 0.010000 1.000000
0 0.169671 0.500000 0.010000 1.000000
0 0.193929 0.500000 0.010000 1.000000
0 0.910066 0.500000 0.010000 1.000000
0 0.535674 0.500000 0.010000 1.000000
0 0.604535 0.500000 0.010000 1.000000
0 0.727398 0.500000 0.010000 1.000000
0 0.310114 0.500000 0.010000 1.000000
0 0.289269 0.500000 0.010000 1.000000
0 0.927842 0.500000 0.010000 1.000000
0 0.730199 0.500000 0.010000 1.000000
0 0.200854 0.500000 0.010000 1.000000
0 0.667838 0.500000 0.010000 1.000000
0 0.244701 0.500000 0.010000 1.000000
0 0.403215 0.500000 0.010000 1.000000
0 0.079585 0.500000 0.010000 1.000000
0 0.314873 0.500000 0.010000 1.000000
0 0.777045 0.500000 0.010000 1.000000
0 0.452269 0.500000 0.010000 1.000000
0 0.832390 0.500000 0.010000 1.000000
0 0.561893 0.500000 0.010000 1.000000
0 0.226014 0.500000 0.010000 1.000000
0 0.916575 0.500000 0.010000 1.000000
0 0.914791 0.500000 0.010000 1.000000
0 0.069563 0.500000 0.010000 1.000000
0 0.806791 0.500000 0.010000 1.000000
0 0.601525 0.500000 0.010000 1.000000
0 0.624115 0.500000 0.010000 1.000000
0 0.455499 0.500000 0.010000 1.000000
0 0.876253 0.500000 0.010000 1.000000
0 0.429740 0.500000 0.010000 1.000000
0 0.264511 0.500000 0.010000 1.000000
0 0.413584 0.500000 0.010000 1.000000
0 0.464505 0.500000 0.010000 1.000000
0 0.687430 0.500000 0.010000 1.000000
0 0.505347 0.500000 0.010000 1.000000
0 0.191282 0.500000 0.010000 1.000000
0 0.654513 0.500000 0.010000 1.000000
0 0.259260 0.500000 0.010000 1.000000
0 0.391923 0.500000 0.010000 1.000000
0 0.723080 0.500000 0.010000 1.000000
0 0.231865 0.500000 0.010000 1.000000
0 0.640059 0.500000 0.010000 1.000000
0 0.648962 0.500000 0.010000 1.000000
0 0.549121 0.500000 0.010000 1.000000
0 0.688706 0.500000 0.010000 1.000000
0 0.857963 0.500000 0.010000 1.000000
0 0.694545 0.500000 0.010000 1.000000
0 0.196449 0.500000 0.010000 1.000000
0 0.081659 0.500000 0.010000 1.000000
0 0.925882 0.500000 0.010000 1.000000
0 0.091905 0.500000 0.010000 1.000000
0 0.801216 0.500000 0.010000 1.000000
0 0.445181 0.500000 0.010000 1.000000
0 0.170494 0.500000 0.010000 1.000000
0 0.892196 0.500000 0.010000 1.000000
0 0.420822 0.500000 0.010000 1.000000
0 0.594846 0.500000 0.010000 1.000000
0 0.530685 0.500000 0.010000 1.000000
0 0.823395 0.500000 0.010000 1.000000
0 0.941305 0.500000 0.010000 1.000000
0 0.236930 0.500000 0.010000 1.000000
0 0.865456 0.500000 0.010000 1.000000
0 0.221726 0.500000 0.010000 1.000000
0 0.549896 0.500000 0.010000 1.000000
0 0.547993 0.500000 0.010000 1.000000
0 0.188472 0.500000 0.010000 1.000000
0 0.889899 0.500000 0.010000 1.000000
0 0.709979 0.500000 0.010000 1.000000
0 0.857604 0.500000 0.010000 1.000000
0 0.228129 0.500000 0.010000 1.000000
0 0.699163 0.500000 0.010000 1.000000
0 0.612551 0.500000 0.010000 1.000000
0 0.480595 0.500000 0.010000 1.000000
0 0.433613 0.500000 0.010000 1.000000
0 0.057694 0.500000 0.010000 1.000000
0 0.914318 0.500000 0.010000 1.000000
0 0.073760 0.500000 0.010000 1.000000
0 0.136292 0.500000 0.010000 1.000000
0 0.561463 0.500000 0.010000 1.000000
0 0.836027 0.500000 0.010000 1.000000
0 0.146750 0.500000 0.010000 1.000000
0 0.729302 0.500000 0.010000 1.000000
0 0.089470 0.500000 0.010000 1.000000
0 0.926011 0.500000 0.010000 1.000000
0 0.269703 0.500000 0.010000 1.000000
0 0.704817 0.500000 0.010000 1.000000
0 0.723299 0.500000 0.010000 1.000000
0 0.720082 0.500000 0.010000 1.000000
0 0.915357 0.500000 0.010000 1.000000
0 0.058356 0.500000 0.010000 1.000000
0 0.490780 0.500000 0.010000 1.000000
0 0.838332 0.500000 0.010000 1.000000
0 0.586174 0.500000 0.010000 1.000000
0 0.851743 0.500000 0.010000 1.000000
0 0.612041 0.500000 0.010000 1.000000
0 0.209463 0.500000 0.010000 1.000000
0 0.350954 0.500000 0.010000 1.000000
0 0.606280 0.500000 0.010000 1.000000
0 0.520972 0.500000 0.010000 1.000000
0 0.209929 0.500000 0.010000 1.000000
0 0.799134 0.500000 0.010000 1.000000
0 0.074324 0.500000 0.010000 1.000000
0 0.794178 0.500000 0.010000 1.000000
0 0.252014 0.500000 0.010000 1.000000
0 0.422321 0.500000 0.010000 1.000000
0 0.087806 0.500000 0.010000 1.000000
0 0.852255 0.500000 0.010000 1.000000
0 0.248706 0.500000 0.010000 1.000000
0 0.578742 0.500000 0.010000 1.000000
0 0.817073 0.500000 0.010000 1.000000
0 0.537288 0.500000 0.010000 1.000000
0 0.170391 0.500000 0.010000 1.000000
0 0.861052 0.500000 0.010000 1.000000
0 0.771169 0.500000 0.010000 1.000000
0 0.492711 0.500000 0.010000 1.000000
0 0.906830 0.500000 0.010000 1.000000
0 0.553582 0.500000 0.010000 1.000000
0 0.162781 0.500000 0.010000 1.000000
0 0.579923 0.500000 0.010000 1.000000
0 0.901732 0.500000 0.010000 1.000000
0 0.530315 0.500000 0.010000 1.000000
0 0.500985 0.500000 0.010000 1.000000
0 0.486409 0.500000 0.010000 1.000000
0 0.365414 0.500000 0.010000 1.000000
0 0.799855 0.500000 0.010000 1.000000
0 0.934133 0.500000 0.010000 1.000000
0 0.733972 0.500000 0.010000 1.000000
0 0.204967 0.500000 0.010000 1.000000
0 0.320568 0.500000 0.010000 1.000000
0 0.720922 0.500000 0.010000 1.000000
0 0.056778 0.500000 0.010000 1.000000
0 0.079415 0.500000 0.010000 1.000000
0 0.060123 0.500000 0.010000 1.000000
0 0.614008 0.500000 0.010000 1.000000
0 0.554990 0.500000 0.010000 1.000000
0 0.214933 0.500000 0.010000 1.000000
0 0.898111 0.500000 0.010000 1.000000
0 0.459171 0.500000 0.010000 1.000000
0 0.713588 0.500000 0.010000 1.000000
0 0.225931 0.500000 0.010000 1.000000
0 0.365704 0.500000 0.010000 1.000000
0 0.781617 0.500000 0.010000 1.000000
0 0.136556 0.500000 0.010000 1.000000
0 0.609149 0.500000 0.010000 1.000000
0 0.930711 0.500000 0.010000 1.000000
0 0.717685 0.500000 0.010000 1.000000
0 0.172302 0.500000 0.010000 1.000000
0 0.225704 0.500000 0.010000 1.000000
0 0.232750 0.500000 0.010000 1.000000
0 0.225501 0.500000 0.010000 1.000000
0 0.278125 0.500000 0.010000 1.000000
0 0.948233 0.500000 0.010000 1.000000
0 0.831298 0.500000 0.010000 1.000000
0 0.207906 0.500000 0.010000 1.000000
0 0.853251 0.500000 0.010000 1.000000
0 0.100961 0.500000 0.010000 1.000000
0 0.855799 0.500000 0.010000 1.000000
0 0.129607 0.500000 0.010000 1.000000
0 0.171861 0.500000 0.010000 1.000000
0 0.433654 0.500000 0.010000 1.000000
0 0.239554 0.500000 0.010000 1.000000
0 0.585687 0.500000 0.010000 1.000000
0 0.080446 0.500000 0.010000 1.000000
0 0.139453 0.500000 0.010000 1.000000
0 0.731301 0.500000 0.010000 1.000000
0 0.143959 0.500000 0.010000 1.000000
0 0.143481 0.500000 0.010000 1.000000
0 0.507104 0.500000 0.010000 1.000000
0 0.122051 0.500000 0.010000 1.000000
0 0.538987 0.500000 0.010000 1.000000
0 0.836680 0.500000 0.010000 1.000000
0 0.164102 0.500000 0.010000 1.000000
0 0.788924 0.500000 0.010000 1.000000
0 0.522124 0.500000 0.010000 1.000000
0 0.871125 0.500000 0.010000 1.000000
0 0.073744 0.500000 0.010000 1.000000
0 0.526569 0.500000 0.010000 1.000000
0 0.736791 0.500000 0.010000 1.000000
0 0.913072 0.500000 0.010000 1.000000
0 0.199041 0.500000 0.010000 1.000000
0 0.629823 0.500000 0.010000 1.000000
0 0.871662 0.500000 0.010000 1.000000
0 0.729756 0.500000 0.010000 1.000000
0 0.940558 0.500000 0.010000 1.000000
0 0.864199 0.500000 0.010000 1.000000
0 0.613859 0.500000 0.010000 1.000000
0 0.300727 0.500000 0.010000 1.000000
0 0.452406 0.500000 0.010000 1.000000
0 0.640185 0.500000 0.010000 1.000000
0 0.456940 0.500000 0.010000 1.000000
0 0.513794 0.500000 0.010000 1.000000
0 0.050537 0.500000 0.010000 1.000000
0 0.830014 0.500000 0.010000 1.000000
0 0.512241 0.500000 0.010000 1.000000
0 0.154649 0.500000 0.010000 1.000000
0 0.599806 0.500000 0.010000 1.000000
0 0.081890 0.500000 0.010000 1.000000
0 0.713645 0.500000 0.010000 1.000000
0 0.407316 0.500000 0.010000 1.000000
0 0.170213 0.500000 0.010000 1.000000
0 0.236350 0.500000 0.010000 1.000000
0 0.286855 0.500000 0.010000 1.000000
0 0.132792 0.500000 0.010000 1.000000
0 0.227847 0.500000 0.010000 1.000000
0 0.568804 0.500000 0.010000 1.000000
0 0.280653 0.500000 0.010000 1.000000
0 0.197072 0.500000 0.010000 1.000000
0 0.304036 0.500000 0.010000 1.000000
0 0.739807 0.500000 0.010000 1.000000
0 0.594344 0.500000 0.010000 1.000000
0 0.312447 0.500000 0.010000 1.000000
0 0.707009 0.500000 0.010000 1.000000
0 0.428522 0.500000 0.010000 1.000000
0 0.305486 0.500000 0.010000 1.000000
0 0.381974 0.500000 0.010000 1.000000
0 0.890555 0.500000 0.010000 1.000000
0 0.168084 0.500000 0.010000 1.000000
0 0.263880 0.500000 0.010000 1.000000
0 0.701738 0.500000 0.010000 1.000000
0 0.917736 0.500000 0.010000 1.000000
0 0.742996 0.500000 0.010000 1.000000
0 0.676803 0.500000 0.010000 1.000000
0 0.326768 0.500000 0.010000 1.000000
0 0.528784 0.500000 0.010000 1.000000
0 0.233296 0.500000 0.010000 1.000000
0 0.406853 0.500000 0.010000 1.000000
0 0.920101 0.500000 0.010000 1.000000
0 0.088271 0.500000 0.010000 1.000000
0 0.562628 0.500000 0.010000 1.000000
0 0.167036 0.500000 0.010000 1.000000
0 0.668360 0.500000 0.010000 1.000000
0 0.171115 0.500000 0.010000 1.000000
0 0.434690 0.500000 0.010000 1.000000
0 0.289244 0.500000 0.010000 1.000000
0 0.753979 0.500000 0.010000 1.000000
0 0.260498 0.500000 0.010000 1.000000
0 0.501355 0.500000 0.010000 1.000000
0 0.811845 0.500000 0.010000 1.000000
0 0.519019 0.500000 0.010000 1.000000
0 0.387209 0.500000 0.010000 1.000000
0 0.288588 0.500000 0.010000 1.000000
0 0.159922 0.500000 0.010000 1.000000
0 0.206965 0.500000 0.010000 1.000000
0 0.602582 0.500000 0.010000 1.000000
0 0.354671 0.500000 0.010000 1.000000
0 0.707579 0.500000 0.010000 1.000000
0 0.214705 0.500000 0.010000 1.000000
0 0.845813 0.500000 0.010000 1.000000
0 0.352849 0.500000 0.010000 1.000000
0 0.570696 0.500000 0.010000 1.000000
0 0.497581 0.500000 0.010000 1.000000
0 0.265455 0.500000 0.010000 1.000000
0 0.849376 0.500000 0.010000 1.000000
0 0.830441 0.500000 0.010000 1.000000
0 0.739461 0.500000 0.010000 1.000000
0 0.061138 0.500000 0.010000 1.000000
0 0.618407 0.500000 0.010000 1.000000
0 0.086933 0.500000 0.010000 1.000000
0 0.185778 0.500000 0.010000 1.000000
0 0.340362 0.500000 0.010000 1.000000
0 0.536198 0.500000 0.010000 1.000000
0 0.361395 0.500000 0.010000 1.000000
0 0.452062 0.500000 0.010000 1.000000
0 0.793182 0.500000 0.010000 1.000000
0 0.764461 0.500000 0.010000 1.000000
0 0.710801 0.500000 0.010000 1.000000
0 0.596093 0.500000 0.010000 1.000000
0 0.538696 0.500000 0.010000 1.000000
0 0.639573 0.500000 0.010000 1.000000
0 0.218297 0.500000 0.010000 1.000000
0 0.790094 0.500000 0.010000 1.000000
0 0.591937 0.500000 0.010000 1.000000
0 0.301818 0.500000 0.010000 1.000000
0 0.522793 0.500000 0.010000 1.000000
0 0.918237 0.500000 0.010000 1.000000
0 0.055825 0.500000 0.010000 1.000000
0 0.933054 0.500000 0.010000 1.000000
0 0.101151 0.500000 0.010000 1.000000
0 0.152189 0.500000 0.010000 1.000000
0 0.285842 0.500000 0.010000 1.000000
0 0.639365 0.500000 0.010000 1.000000
0 0.073682 0.500000 0.010000 1.000000
0 0.198355 0.500000 0.010000 1.000000
0 0.510824 0.500000 0.010000 1.000000
0 0.718504 0.500000 0.010000 1.000000
0 0.349923 0.500000 0.010000 1.000000
0 0.240042 0.500000 0.010000 1.000000
0 0.117179 0.500000 0.010000 1.000000
0 0.087621 0.500000 0.010000 1.000000
0 0.652168 0.500000 0.010000 1.000000
0 0.811969 0.500000 0.010000 1.000000
0 0.504946 0.500000 0.010000 1.000000
0 0.328846 0.500000 0.010000 1.000000
0 0.670804 0.500000 0.010000 1.000000
0 0.919523 0.500000 0.010000 1.000000
0 0.863767 0.500000 0.010000 1.000000
0 0.577058 0.500000 0.010000 1.000000
0 0.567188 0.500000 0.010000 1.000000
0 0.727817 0.500000 0.010000 1.000000
0 0.640484 0.500000 0.010000 1.000000
0 0.533276 0.500000 0.010000 1.000000
0 0.753314 0.500000 0.010000 1.000000
0 0.527093 0.500000 0.010000 1.000000
0 0.118872 0.500000 0.010000 1.000000
0 0.798710 0.500000 0.010000 1.000000
0 0.050993 0.500000 0.010000 1.000000
0 0.568103 0.500000 0.010000 1.000000
0 0.105323 0.500000 0.010000 1.000000
0 0.511861 0.500000 0.010000 1.000000
