1 0.017181 0.500000 0.010000 1.000000
1 0.017168 0.500000 0.010000 1.000000
1 0.017167 0.500000 0.010000 1.000000
1 0.017167 0.500000 0.010000 1.000000
1 0.017166 0.500000 0.010000 1.000000
1 0.017166 0.500000 0.010000 1.000000
1 0.017166 0.500000 0.010000 1.000000
1 0.017166 0.500000 0.010000 1.000000
1 0.017165 0.500000 0.010000 1.000000
1 0.017151 0.500000 0.010000 1.000000
1 0.017136 0.500000 0.010000 1.000000
1 0.017120 0.500000 0.010000 1.000000
1 0.017120 0.500000 0.010000 1.000000
1 0.017105 0.500000 0.010000 1.000000
1 0.017090 0.500000 0.010000 1.000000
1 0.017039 0.500000 0.010000 1.000000
1 0.017013 0.500000 0.010000 1.000000
1 0.016975 0.500000 0.010000 1.000000
1 0.016937 0.500000 0.010000 1.000000
1 0.016829 0.500000 0.010000 1.000000
1 0.016785 0.500000 0.010000 1.000000
1 0.016754 0.500000 0.010000 1.000000
1 0.016688 0.500000 0.010000 1.000000
1 0.016688 0.500000 0.010000 1.000000
1 0.016685 0.500000 0.010000 1.000000
1 0.016680 0.500000 0.010000 1.000000
1 0.016680 0.500000 0.010000 1.000000
1 0.016680 0.500000 0.010000 1.000000
1 0.016680 0.500000 0.010000 1.000000
1 0.016680 0.500000 0.010000 1.000000
1 0.016673 0.500000 0.010000 1.000000
1 0.016672 0.500000 0.010000 1.000000
1 0.016672 0.500000 0.010000 1.000000
1 0.016667 0.500000 0.010000 1.000000
1 0.016665 0.500000 0.010000 1.000000
1 0.016665 0.500000 0.010000 1.000000
1 0.016665 0.500000 0.010000 1.000000
1 0.016665 0.500000 0.010000 1.000000
1 0.016665 0.500000 0.010000 1.000000
1 0.016665 0.500000 0.010000 1.000000
1 0.016665 0.500000 0.010000 1.000000
1 0.016665 0.500000 0.010000 1.000000
1 0.016664 0.500000 0.010000 1.000000
1 0.016664 0.500000 0.010000 1.000000
1 0.016662 0.500000 0.010000 1.000000
1 0.016662 0.500000 0.010000 1.000000
1 0.016662 0.500000 0.010000 1.000000
1 0.016662 0.500000 0.010000 1.000000
1 0.016594 0.500000 0.010000 1.000000
1 0.016388 0.500000 0.010000 1.000000
1 0.016247 0.500000 0.010000 1.000000
1 0.016245 0.500000 0.010000 1.000000
1 0.016242 0.500000 0.010000 1.000000
1 0.016237 0.500000 0.010000 1.000000
1 0.016237 0.500000 0.010000 1.000000
1 0.016237 0.500000 0.010000 1.000000
1 0.016237 0.500000 0.010000 1.000000
1 0.016229 0.500000 0.010000 1.000000
1 0.016222 0.500000 0.010000 1.000000
1 0.016222 0.500000 0.010000 1.000000
1 0.016222 0.500000 0.010000 1.000000
1 0.016214 0.500000 0.010000 1.000000
1 0.016214 0.500000 0.010000 1.000000
1 0.016214 0.500000 0.010000 1.000000
1 0.016213 0.500000 0.010000 1.000000
1 0.016212 0.500000 0.010000 1.000000
1 0.016212 0.500000 0.010000 1.000000
1 0.016211 0.500000 0.010000 1.000000
1 0.016022 0.500000 0.010000 1.000000
1 0.015655 0.500000 0.010000 1.000000
1 0.015303 0.500000 0.010000 1.000000
1 0.015303 0.500000 0.010000 1.000000
1 0.015303 0.500000 0.010000 1.000000
1 0.015303 0.500000 0.010000 1.000000
1 0.015302 0.500000 0.010000 1.000000
1 0.015302 0.500000 0.010000 1.000000
1 0.015298 0.500000 0.010000 1.000000
1 0.015297 0.500000 0.010000 1.000000
1 0.015295 0.500000 0.010000 1.000000
1 0.015295 0.500000 0.010000 1.000000
1 0.015293 0.500000 0.010000 1.000000
1 0.015293 0.500000 0.010000 1.000000
1 0.015293 0.500000 0.010000 1.000000
1 0.015293 0.500000 0.010000 1.000000
1 0.015292 0.500000 0.010000 1.000000
1 0.015292 0.500000 0.010000 1.000000
1 0.015292 0.500000 0.010000 1.000000
1 0.015292 0.500000 0.010000 1.000000
1 0.015292 0.500000 0.010000 1.000000
1 0.015275 0.500000 0.010000 1.000000
1 0.015274 0.500000 0.010000 1.000000
1 0.015274 0.500000 0.010000 1.000000
1 0.015273 0.500000 0.010000 1.000000
1 0.015260 0.500000 0.010000 1.000000
1 0.015260 0.500000 0.010000 1.000000
1 0.015260 0.500000 0.010000 1.000000
1 0.015260 0.500000 0.010000 1.000000
1 0.015259 0.500000 0.010000 1.000000
1 0.015258 0.500000 0.010000 1.000000
1 0.015258 0.500000 0.010000 1.000000
1 0.015257 0.500000 0.010000 1.000000
1 0.015257 0.500000 0.010000 1.000000
1 0.015257 0.500000 0.010000 1.000000
1 0.015257 0.500000 0.010000 1.000000
1 0.015255 0.500000 0.010000 1.000000
1 0.015254 0.500000 0.010000 1.000000
1 0.015253 0.500000 0.010000 1.000000
1 0.015253 0.500000 0.010000 1.000000
1 0.015253 0.500000 0.010000 1.000000
1 0.015253 0.500000 0.010000 1.000000
1 0.015253 0.500000 0.010000 1.000000
1 0.015250 0.500000 0.010000 1.000000
1 0.015250 0.500000 0.010000 1.000000
1 0.015250 0.500000 0.010000 1.000000
1 0.015250 0.500000 0.010000 1.000000
1 0.015250 0.500000 0.010000 1.000000
1 0.015250 0.500000 0.010000 1.000000
1 0.015250 0.500000 0.010000 1.000000
1 0.015250 0.500000 0.010000 1.000000
1 0.015249 0.500000 0.010000 1.000000
1 0.015249 0.500000 0.010000 1.000000
1 0.015246 0.500000 0.010000 1.000000
1 0.015237 0.500000 0.010000 1.000000
1 0.015237 0.500000 0.010000 1.000000
1 0.015235 0.500000 0.010000 1.000000
1 0.015235 0.500000 0.010000 1.000000
1 0.015235 0.500000 0.010000 1.000000
1 0.015235 0.500000 0.010000 1.000000
1 0.015235 0.500000 0.010000 1.000000
1 0.015234 0.500000 0.010000 1.000000
1 0.015234 0.500000 0.010000 1.000000
1 0.015234 0.500000 0.010000 1.000000
1 0.015234 0.500000 0.010000 1.000000
1 0.015234 0.500000 0.010000 1.000000
1 0.015234 0.500000 0.010000 1.000000
1 0.015234 0.500000 0.010000 1.000000
1 0.015234 0.500000 0.010000 1.000000
1 0.015234 0.500000 0.010000 1.000000
1 0.015234 0.500000 0.010000 1.000000
1 0.015234 0.500000 0.010000 1.000000
1 0.015234 0.500000 0.010000 1.000000
1 0.015232 0.500000 0.010000 1.000000
1 0.015232 0.500000 0.010000 1.000000
1 0.015232 0.500000 0.010000 1.000000
1 0.015232 0.500000 0.010000 1.000000
1 0.015232 0.500000 0.010000 1.000000
1 0.015232 0.500000 0.010000 1.000000
1 0.015232 0.500000 0.010000 1.000000
1 0.015232 0.500000 0.010000 1.000000
1 0.015229 0.500000 0.010000 1.000000
1 0.015190 0.500000 0.010000 1.000000
1 0.015135 0.500000 0.010000 1.000000
1 0.015131 0.500000 0.010000 1.000000
1 0.015131 0.500000 0.010000 1.000000
1 0.015129 0.500000 0.010000 1.000000
1 0.015128 0.500000 0.010000 1.000000
1 0.015004 0.500000 0.010000 1.000000
1 0.014923 0.500000 0.010000 1.000000
1 0.014877 0.500000 0.010000 1.000000
1 0.014817 0.500000 0.010000 1.000000
1 0.014816 0.500000 0.010000 1.000000
1 0.014815 0.500000 0.010000 1.000000
1 0.014814 0.500000 0.010000 1.000000
1 0.014814 0.500000 0.010000 1.000000
1 0.014814 0.500000 0.010000 1.000000
1 0.014814 0.500000 0.010000 1.000000
1 0.014812 0.500000 0.010000 1.000000
1 0.014809 0.500000 0.010000 1.000000
1 0.014807 0.500000 0.010000 1.000000
1 0.014807 0.500000 0.010000 1.000000
1 0.014806 0.500000 0.010000 1.000000
1 0.014806 0.500000 0.010000 1.000000
1 0.014801 0.500000 0.010000 1.000000
1 0.014801 0.500000 0.010000 1.000000
1 0.014799 0.500000 0.010000 1.000000
1 0.014799 0.500000 0.010000 1.000000
1 0.014799 0.500000 0.010000 1.000000
1 0.014799 0.500000 0.010000 1.000000
1 0.014799 0.500000 0.010000 1.000000
1 0.014799 0.500000 0.010000 1.000000
1 0.014796 0.500000 0.010000 1.000000
1 0.014796 0.500000 0.010000 1.000000
1 0.014794 0.500000 0.010000 1.000000
1 0.014791 0.500000 0.010000 1.000000
1 0.014791 0.500000 0.010000 1.000000
1 0.014791 0.500000 0.010000 1.000000
1 0.014791 0.500000 0.010000 1.000000
1 0.014791 0.500000 0.010000 1.000000
1 0.014791 0.500000 0.010000 1.000000
1 0.014791 0.500000 0.010000 1.000000
1 0.014791 0.500000 0.010000 1.000000
1 0.014791 0.500000 0.010000 1.000000
1 0.014791 0.500000 0.010000 1.000000
1 0.014791 0.500000 0.010000 1.000000
1 0.014789 0.500000 0.010000 1.000000
1 0.014789 0.500000 0.010000 1.000000
1 0.014789 0.500000 0.010000 1.000000
1 0.014788 0.500000 0.010000 1.000000
1 0.014783 0.500000 0.010000 1.000000
1 0.014783 0.500000 0.010000 1.000000
1 0.014783 0.500000 0.010000 1.000000
1 0.014776 0.500000 0.010000 1.000000
1 0.014750 0.500000 0.010000 1.000000
1 0.014721 0.500000 0.010000 1.000000
1 0.014720 0.500000 0.010000 1.000000
1 0.014719 0.500000 0.010000 1.000000
1 0.014717 0.500000 0.010000 1.000000
1 0.014717 0.500000 0.010000 1.000000
1 0.014716 0.500000 0.010000 1.000000
0 0.561606 0.500000 0.010000 1.000000
0 0.441865 0.500000 0.010000 1.000000
0 0.146148 0.500000 0.010000 1.000000
0 0.827960 0.500000 0.010000 1.000000
0 0.096042 0.500000 0.010000 1.000000
0 0.463332 0.500000 0.010000 1.000000
0 0.778312 0.500000 0.010000 1.000000
0 0.509805 0.500000 0.010000 1.000000
0 0.589184 0.500000 0.010000 1.000000
0 0.377693 0.500000 0.010000 1.000000
0 0.753678 0.500000 0.010000 1.000000
0 0.947216 0.500000 0.010000 1.000000
0 0.945897 0.500000 0.010000 1.000000
0 0.821593 0.500000 0.010000 1.000000
0 0.714528 0.500000 0.010000 1.000000
0 0.489773 0.500000 0.010000 1.000000
0 0.805536 0.500000 0.010000 1.000000
0 0.672927 0.500000 0.010000 1.000000
0 0.260796 0.500000 0.010000 1.000000
0 0.172796 0.500000 0.010000 1.000000
0 0.417661 0.500000 0.010000 1.000000
0 0.855459 0.500000 0.010000 1.000000
0 0.292503 0.500000 0.010000 1.000000
0 0.361857 0.500000 0.010000 1.000000
0 0.916814 0.500000 0.010000 1.000000
0 0.157834 0.500000 0.010000 1.000000
0 0.466163 0.500000 0.010000 1.000000
0 0.381199 0.500000 0.010000 1.000000
0 0.314606 0.500000 0.010000 1.000000
0 0.862666 0.500000 0.010000 1.000000
0 0.468111 0.500000 0.010000 1.000000
0 0.627728 0.500000 0.010000 1.000000
0 0.256771 0.500000 0.010000 1.000000
0 0.306795 0.500000 0.010000 1.000000
0 0.332205 0.500000 0.010000 1.000000
0 0.052566 0.500000 0.010000 1.000000
0 0.544465 0.500000 0.010000 1.000000
0 0.485322 0.500000 0.010000 1.000000
0 0.593178 0.500000 0.010000 1.000000
0 0.463143 0.500000 0.010000 1.000000
0 0.138660 0.500000 0.010000 1.000000
0 0.107535 0.500000 0.010000 1.000000
0 0.071980 0.500000 0.010000 1.000000
0 0.853319 0.500000 0.010000 1.000000
0 0.792097 0.500000 0.010000 1.000000
0 0.050105 0.500000 0.010000 1.000000
0 0.223742 0.500000 0.010000 1.000000
0 0.069659 0.500000 0.010000 1.000000
0 0.247167 0.500000 0.010000 1.000000
0 0.722522 0.500000 0.010000 1.000000
0 0.364876 0.500000 0.010000 1.000000
0 0.591645 0.500000 0.010000 1.000000
0 0.081540 0.500000 0.010000 1.000000
0 0.237183 0.500000 0.010000 1.000000
0 0.201099 0.500000 0.010000 1.000000
0 0.482390 0.500000 0.010000 1.000000
0 0.267986 0.500000 0.010000 1.000000
0 0.666624 0.500000 0.010000 1.000000
0 0.282851 0.500000 0.010000 1.000000
0 0.088941 0.500000 0.010000 1.000000
0 0.348544 0.500000 0.010000 1.000000
0 0.663310 0.500000 0.010000 1.000000
0 0.232705 0.500000 0.010000 1.000000
0 0.822219 0.500000 0.010000 1.000000
0 0.187147 0.500000 0.010000 1.000000
0 0.908848 0.500000 0.010000 1.000000
0 0.610912 0.500000 0.010000 1.000000
0 0.859184 0.500000 0.010000 1.000000
0 0.788392 0.500000 0.010000 1.000000
0 0.630192 0.500000 0.010000 1.000000
0 0.340764 0.500000 0.010000 1.000000
0 0.441810 0.500000 0.010000 1.000000
0 0.677636 0.500000 0.010000 1.000000
0 0.690091 0.500000 0.010000 1.000000
0 0.669803 0.500000 0.010000 1.000000
0 0.057050 0.500000 0.010000 1.000000
0 0.901596 0.500000 0.010000 1.000000
0 0.136520 0.500000 0.010000 1.000000
0 0.153727 0.500000 0.010000 1.000000
0 0.382489 0.500000 0.010000 1.000000
0 0.375563 0.500000 0.010000 1.000000
0 0.306499 0.500000 0.010000 1.000000
0 0.159883 0.500000 0.010000 1.000000
0 0.686747 0.500000 0.010000 1.000000
0 0.063641 0.500000 0.010000 1.000000
0 0.176101 0.500000 0.010000 1.000000
0 0.260623 0.500000 0.010000 1.000000
0 0.295160 0.500000 0.010000 1.000000
0 0.598476 0.500000 0.010000 1.000000
0 0.348638 0.500000 0.010000 1.000000
0 0.921333 0.500000 0.010000 1.000000
0 0.606891 0.500000 0.010000 1.000000
0 0.163947 0.500000 0.010000 1.000000
0 0.748888 0.500000 0.010000 1.000000
0 0.267750 0.500000 0.010000 1.000000
0 0.580432 0.500000 0.010000 1.000000
0 0.799631 0.500000 0.010000 1.000000
0 0.497714 0.500000 0.010000 1.000000
0 0.238127 0.500000 0.010000 1.000000
0 0.360435 0.500000 0.010000 1.000000
0 0.275742 0.500000 0.010000 1.000000
0 0.774717 0.500000 0.010000 1.000000
0 0.051317 0.500000 0.010000 1.000000
0 0.504099 0.500000 0.010000 1.000000
0 0.613044 0.500000 0.010000 1.000000
0 0.712625 0.500000 0.010000 1.000000
0 0.665314 0.500000 0.010000 1.000000
0 0.176235 0.500000 0.010000 1.000000
0 0.891890 0.500000 0.010000 1.000000
0 0.744509 0.500000 0.010000 1.000000
0 0.754610 0.500000 0.010000 1.000000
0 0.665449 0.500000 0.010000 1.000000
0 0.838938 0.500000 0.010000 1.000000
0 0.539018 0.500000 0.010000 1.000000
0 0.530109 0.500000 0.010000 1.000000
0 0.442595 0.500000 0.010000 1.000000
0 0.453905 0.500000 0.010000 1.000000
0 0.664977 0.500000 0.010000 1.000000
0 0.317445 0.500000 0.010000 1.000000
0 0.580385 0.500000 0.010000 1.000000
0 0.313692 0.500000 0.010000 1.000000
0 0.069485 0.500000 0.010000 1.000000
0 0.306263 0.500000 0.010000 1.000000
0 0.948213 0.500000 0.010000 1.000000
0 0.933653 0.500000 0.010000 1.000000
0 0.737362 0.500000 0.010000 1.000000
0 0.349558 0.500000 0.010000 1.000000
0 0.651223 0.500000 0.010000 1.000000
0 0.682220 0.500000 0.010000 1.000000
0 0.685850 0.500000 0.010000 1.000000
0 0.436834 0.500000 0.010000 1.000000
0 0.192532 0.500000 0.010000 1.000000
0 0.944076 0.500000 0.010000 1.000000
0 0.204421 0.500000 0.010000 1.000000
0 0.825052 0.500000 0.010000 1.000000
0 0.145614 0.500000 0.010000 1.000000
0 0.367461 0.500000 0.010000 1.000000
0 0.342000 0.500000 0.010000 1.000000
0 0.185484 0.500000 0.010000 1.000000
0 0.603711 0.500000 0.010000 1.000000
0 0.545490 0.500000 0.010000 1.000000
0 0.916139 0.500000 0.010000 1.000000
0 0.279345 0.500000 0.010000 1.000000
0 0.605791 0.500000 0.010000 1.000000
0 0.735113 0.500000 0.010000 1.000000
0 0.250294 0.500000 0.010000 1.000000
0 0.716876 0.500000 0.010000 1.000000
0 0.851378 0.500000 0.010000 1.000000
0 0.808816 0.500000 0.010000 1.000000
0 0.152838 0.500000 0.010000 1.000000
0 0.141785 0.500000 0.010000 1.000000
0 0.157094 0.500000 0.010000 1.000000
0 0.492375 0.500000 0.010000 1.000000
0 0.892152 0.500000 0.010000 1.000000
0 0.398008 0.500000 0.010000 1.000000
0 0.631655 0.500000 0.010000 1.000000
0 0.823451 0.500000 0.010000 1.000000
0 0.198735 0.500000 0.010000 1.000000
0 0.552745 0.500000 0.010000 1.000000
0 0.600904 0.500000 0.010000 1.000000
0 0.246734 0.500000 0.010000 1.000000
0 0.705760 0.500000 0.010000 1.000000
0 0.058519 0.500000 0.010000 1.000000
0 0.089508 0.500000 0.010000 1.000000
0 0.268219 0.500000 0.010000 1.000000
0 0.373449 0.500000 0.010000 1.000000
0 0.132161 0.500000 0.010000 1.000000
0 0.097527 0.500000 0.010000 1.000000
0 0.449606 0.500000 0.010000 1.000000
0 0.360353 0.500000 0.010000 1.000000
0 0.565236 0.500000 0.010000 1.000000
0 0.125278 0.500000 0.010000 1.000000
0 0.679844 0.500000 0.010000 1.000000
0 0.121457 0.500000 0.010000 1.000000
0 0.876106 0.500000 0.010000 1.000000
0 0.804755 0.500000 0.010000 1.000000
0 0.652947 0.500000 0.010000 1.000000
0 0.946527 0.500000 0.010000 1.000000
0 0.747579 0.500000 0.010000 1.000000
0 0.439660 0.500000 0.010000 1.000000
0 0.302042 0.500000 0.010000 1.000000
0 0.565852 0.500000 0.010000 1.000000
0 0.237462 0.500000 0.010000 1.000000
0 0.752385 0.500000 0.010000 1.000000
0 0.651099 0.500000 0.010000 1.000000
0 0.655389 0.500000 0.010000 1.000000
0 0.863804 0.500000 0.010000 1.000000
0 0.450291 0.500000 0.010000 1.000000
0 0.898449 0.500000 0.010000 1.000000
0 0.283908 0.500000 0.010000 1.000000
0 0.530837 0.500000 0.010000 1.000000
0 0.643994 0.500000 0.010000 1.000000
0 0.139932 0.500000 0.010000 1.000000
0 0.414090 0.500000 0.010000 1.000000
0 0.515151 0.500000 0.010000 1.000000
0 0.141466 0.500000 0.010000 1.000000
0 0.887866 0.500000 0.010000 1.000000
0 0.605609 0.500000 0.010000 1.000000
0 0.870844 0.500000 0.010000 1.000000
0 0.433182 0.500000 0.010000 1.000000
0 0.828941 0.500000 0.010000 1.000000
0 0.382378 0.500000 0.010000 1.000000
0 0.110651 0.500000 0.010000 1.000000
0 0.312821 0.500000 0.010000 1.000000
0 0.799018 0.500000 0.010000 1.000000
0 0.909654 0.500000 0.010000 1.000000
0 0.291014 0.500000 0.010000 1.000000
0 0.900367 0.500000 0.010000 1.000000
0 0.748904 0.500000 0.010000 1.000000
