1 0.017181 0.500000 0.010000 1.000000
1 0.017168 0.500000 0.010000 1.000000
1 0.017167 0.500000 0.010000 1.000000
1 0.017166 0.500000 0.010000 1.000000
1 0.017166 0.500000 0.010000 1.000000
1 0.017166 0.500000 0.010000 1.000000
1 0.017165 0.500000 0.010000 1.000000
1 0.017151 0.500000 0.010000 1.000000
1 0.017136 0.500000 0.010000 1.000000
1 0.017120 0.500000 0.010000 1.000000
1 0.017120 0.500000 0.010000 1.000000
1 0.017090 0.500000 0.010000 1.000000
1 0.017090 0.500000 0.010000 1.000000
1 0.017047 0.500000 0.010000 1.000000
1 0.017039 0.500000 0.010000 1.000000
1 0.017030 0.500000 0.010000 1.000000
1 0.017021 0.500000 0.010000 1.000000
1 0.017016 0.500000 0.010000 1.000000
1 0.017013 0.500000 0.010000 1.000000
1 0.016962 0.500000 0.010000 1.000000
1 0.016959 0.500000 0.010000 1.000000
1 0.016957 0.500000 0.010000 1.000000
1 0.016956 0.500000 0.010000 1.000000
1 0.016955 0.500000 0.010000 1.000000
1 0.016954 0.500000 0.010000 1.000000
1 0.016949 0.500000 0.010000 1.000000
1 0.016937 0.500000 0.010000 1.000000
1 0.016936 0.500000 0.010000 1.000000
1 0.016930 0.500000 0.010000 1.000000
1 0.016926 0.500000 0.010000 1.000000
1 0.016896 0.500000 0.010000 1.000000
1 0.016768 0.500000 0.010000 1.000000
1 0.016755 0.500000 0.010000 1.000000
1 0.016696 0.500000 0.010000 1.000000
1 0.016696 0.500000 0.010000 1.000000
1 0.016696 0.500000 0.010000 1.000000
1 0.016690 0.500000 0.010000 1.000000
1 0.016690 0.500000 0.010000 1.000000
1 0.016688 0.500000 0.010000 1.000000
1 0.016687 0.500000 0.010000 1.000000
1 0.016683 0.500000 0.010000 1.000000
1 0.016683 0.500000 0.010000 1.000000
1 0.016683 0.500000 0.010000 1.000000
1 0.016683 0.500000 0.010000 1.000000
1 0.016681 0.500000 0.010000 1.000000
1 0.016681 0.500000 0.010000 1.000000
1 0.016681 0.500000 0.010000 1.000000
1 0.016681 0.500000 0.010000 1.000000
1 0.016681 0.500000 0.010000 1.000000
1 0.016681 0.500000 0.010000 1.000000
1 0.016681 0.500000 0.010000 1.000000
1 0.016680 0.500000 0.010000 1.000000
1 0.016672 0.500000 0.010000 1.000000
1 0.016672 0.500000 0.010000 1.000000
1 0.016672 0.500000 0.010000 1.000000
1 0.016672 0.500000 0.010000 1.000000
1 0.016672 0.500000 0.010000 1.000000
1 0.016667 0.500000 0.010000 1.000000
1 0.016667 0.500000 0.010000 1.000000
1 0.016664 0.500000 0.010000 1.000000
1 0.016664 0.500000 0.010000 1.000000
1 0.016664 0.500000 0.010000 1.000000
1 0.016664 0.500000 0.010000 1.000000
1 0.016663 0.500000 0.010000 1.000000
1 0.016663 0.500000 0.010000 1.000000
1 0.016663 0.500000 0.010000 1.000000
1 0.016663 0.500000 0.010000 1.000000
1 0.016663 0.500000 0.010000 1.000000
1 0.016663 0.500000 0.010000 1.000000
1 0.016663 0.500000 0.010000 1.000000
1 0.016600 0.500000 0.010000 1.000000
1 0.016600 0.500000 0.010000 1.000000
1 0.016597 0.500000 0.010000 1.000000
1 0.016597 0.500000 0.010000 1.000000
1 0.016596 0.500000 0.010000 1.000000
1 0.016594 0.500000 0.010000 1.000000
1 0.016593 0.500000 0.010000 1.000000
1 0.016593 0.500000 0.010000 1.000000
1 0.016592 0.500000 0.010000 1.000000
1 0.016591 0.500000 0.010000 1.000000
1 0.016590 0.500000 0.010000 1.000000
1 0.016583 0.500000 0.010000 1.000000
1 0.016579 0.500000 0.010000 1.000000
1 0.016579 0.500000 0.010000 1.000000
1 0.016579 0.500000 0.010000 1.000000
1 0.016579 0.500000 0.010000 1.000000
1 0.016579 0.500000 0.010000 1.000000
1 0.016578 0.500000 0.010000 1.000000
1 0.016578 0.500000 0.010000 1.000000
1 0.016578 0.500000 0.010000 1.000000
1 0.016578 0.500000 0.010000 1.000000
1 0.016578 0.500000 0.010000 1.000000
1 0.016388 0.500000 0.010000 1.000000
1 0.016323 0.500000 0.010000 1.000000
1 0.016315 0.500000 0.010000 1.000000
1 0.016306 0.500000 0.010000 1.000000
1 0.016296 0.500000 0.010000 1.000000
1 0.016248 0.500000 0.010000 1.000000
1 0.016247 0.500000 0.010000 1.000000
1 0.016247 0.500000 0.010000 1.000000
1 0.016247 0.500000 0.010000 1.000000
1 0.016247 0.500000 0.010000 1.000000
1 0.016247 0.500000 0.010000 1.000000
1 0.016247 0.500000 0.010000 1.000000
1 0.016240 0.500000 0.010000 1.000000
1 0.016238 0.500000 0.010000 1.000000
1 0.016238 0.500000 0.010000 1.000000
1 0.016238 0.500000 0.010000 1.000000
1 0.016238 0.500000 0.010000 1.000000
1 0.016222 0.500000 0.010000 1.000000
1 0.016221 0.500000 0.010000 1.000000
1 0.016221 0.500000 0.010000 1.000000
1 0.016221 0.500000 0.010000 1.000000
1 0.016221 0.500000 0.010000 1.000000
1 0.016221 0.500000 0.010000 1.000000
1 0.016219 0.500000 0.010000 1.000000
1 0.016219 0.500000 0.010000 1.000000
1 0.016213 0.500000 0.010000 1.000000
1 0.016212 0.500000 0.010000 1.000000
1 0.016212 0.500000 0.010000 1.000000
1 0.016212 0.500000 0.010000 1.000000
1 0.016212 0.500000 0.010000 1.000000
1 0.016212 0.500000 0.010000 1.000000
1 0.016212 0.500000 0.010000 1.000000
1 0.016209 0.500000 0.010000 1.000000
1 0.016206 0.500000 0.010000 1.000000
1 0.016206 0.500000 0.010000 1.000000
1 0.015974 0.500000 0.010000 1.000000
1 0.015966 0.500000 0.010000 1.000000
1 0.015957 0.500000 0.010000 1.000000
1 0.015957 0.500000 0.010000 1.000000
1 0.015948 0.500000 0.010000 1.000000
1 0.015948 0.500000 0.010000 1.000000
1 0.015939 0.500000 0.010000 1.000000
1 0.015938 0.500000 0.010000 1.000000
1 0.015888 0.500000 0.010000 1.000000
1 0.015887 0.500000 0.010000 1.000000
1 0.015885 0.500000 0.010000 1.000000
1 0.015885 0.500000 0.010000 1.000000
1 0.015882 0.500000 0.010000 1.000000
1 0.015882 0.500000 0.010000 1.000000
1 0.015882 0.500000 0.010000 1.000000
1 0.015879 0.500000 0.010000 1.000000
1 0.015875 0.500000 0.010000 1.000000
1 0.015874 0.500000 0.010000 1.000000
1 0.015870 0.500000 0.010000 1.000000
1 0.015869 0.500000 0.010000 1.000000
1 0.015868 0.500000 0.010000 1.000000
1 0.015868 0.500000 0.010000 1.000000
1 0.015866 0.500000 0.010000 1.000000
1 0.015866 0.500000 0.010000 1.000000
1 0.015865 0.500000 0.010000 1.000000
1 0.015863 0.500000 0.010000 1.000000
1 0.015862 0.500000 0.010000 1.000000
1 0.015860 0.500000 0.010000 1.000000
1 0.015860 0.500000 0.010000 1.000000
1 0.015860 0.500000 0.010000 1.000000
1 0.015859 0.500000 0.010000 1.000000
1 0.015857 0.500000 0.010000 1.000000
1 0.015857 0.500000 0.010000 1.000000
1 0.015855 0.500000 0.010000 1.000000
1 0.015853 0.500000 0.010000 1.000000
1 0.015852 0.500000 0.010000 1.000000
1 0.015655 0.500000 0.010000 1.000000
1 0.015618 0.500000 0.010000 1.000000
1 0.015618 0.500000 0.010000 1.000000
1 0.015617 0.500000 0.010000 1.000000
1 0.015617 0.500000 0.010000 1.000000
1 0.015617 0.500000 0.010000 1.000000
1 0.015617 0.500000 0.010000 1.000000
1 0.015614 0.500000 0.010000 1.000000
1 0.015612 0.500000 0.010000 1.000000
1 0.015610 0.500000 0.010000 1.000000
1 0.015599 0.500000 0.010000 1.000000
1 0.015594 0.500000 0.010000 1.000000
1 0.015591 0.500000 0.010000 1.000000
1 0.015590 0.500000 0.010000 1.000000
1 0.015590 0.500000 0.010000 1.000000
1 0.015588 0.500000 0.010000 1.000000
1 0.015533 0.500000 0.010000 1.000000
1 0.015529 0.500000 0.010000 1.000000
1 0.015527 0.500000 0.010000 1.000000
1 0.015524 0.500000 0.010000 1.000000
1 0.015524 0.500000 0.010000 1.000000
1 0.015523 0.500000 0.010000 1.000000
1 0.015520 0.500000 0.010000 1.000000
1 0.015520 0.500000 0.010000 1.000000
1 0.015519 0.500000 0.010000 1.000000
1 0.015518 0.500000 0.010000 1.000000
1 0.015516 0.500000 0.010000 1.000000
1 0.015514 0.500000 0.010000 1.000000
1 0.015514 0.500000 0.010000 1.000000
1 0.015514 0.500000 0.010000 1.000000
1 0.015512 0.500000 0.010000 1.000000
1 0.015511 0.500000 0.010000 1.000000
1 0.015510 0.500000 0.010000 1.000000
1 0.015508 0.500000 0.010000 1.000000
1 0.015507 0.500000 0.010000 1.000000
1 0.015506 0.500000 0.010000 1.000000
1 0.015506 0.500000 0.010000 1.000000
1 0.015505 0.500000 0.010000 1.000000
1 0.015505 0.500000 0.010000 1.000000
1 0.015505 0.500000 0.010000 1.000000
1 0.015505 0.500000 0.010000 1.000000
1 0.015504 0.500000 0.010000 1.000000
1 0.015503 0.500000 0.010000 1.000000
1 0.015503 0.500000 0.010000 1.000000
1 0.015502 0.500000 0.010000 1.000000
1 0.015501 0.500000 0.010000 1.000000
1 0.015500 0.500000 0.010000 1.000000
1 0.015500 0.500000 0.010000 1.000000
1 0.015497 0.500000 0.010000 1.000000
1 0.015497 0.500000 0.010000 1.000000
1 0.015496 0.500000 0.010000 1.000000
1 0.015494 0.500000 0.010000 1.000000
1 0.015494 0.500000 0.010000 1.000000
1 0.015303 0.500000 0.010000 1.000000
1 0.015303 0.500000 0.010000 1.000000
1 0.015303 0.500000 0.010000 1.000000
1 0.015303 0.500000 0.010000 1.000000
1 0.015303 0.500000 0.010000 1.000000
1 0.015303 0.500000 0.010000 1.000000
1 0.015303 0.500000 0.010000 1.000000
1 0.015303 0.500000 0.010000 1.000000
1 0.015303 0.500000 0.010000 1.000000
1 0.015303 0.500000 0.010000 1.000000
1 0.015302 0.500000 0.010000 1.000000
1 0.015302 0.500000 0.010000 1.000000
1 0.015296 0.500000 0.010000 1.000000
1 0.015293 0.500000 0.010000 1.000000
1 0.015293 0.500000 0.010000 1.000000
1 0.015293 0.500000 0.010000 1.000000
1 0.015293 0.500000 0.010000 1.000000
1 0.015293 0.500000 0.010000 1.000000
1 0.015293 0.500000 0.010000 1.000000
1 0.015293 0.500000 0.010000 1.000000
1 0.015293 0.500000 0.010000 1.000000
1 0.015292 0.500000 0.010000 1.000000
1 0.015292 0.500000 0.010000 1.000000
1 0.015292 0.500000 0.010000 1.000000
1 0.015269 0.500000 0.010000 1.000000
1 0.015267 0.500000 0.010000 1.000000
1 0.015265 0.500000 0.010000 1.000000
1 0.015265 0.500000 0.010000 1.000000
1 0.015265 0.500000 0.010000 1.000000
1 0.015265 0.500000 0.010000 1.000000
1 0.015262 0.500000 0.010000 1.000000
1 0.015259 0.500000 0.010000 1.000000
1 0.015259 0.500000 0.010000 1.000000
1 0.015259 0.500000 0.010000 1.000000
1 0.015259 0.500000 0.010000 1.000000
1 0.015259 0.500000 0.010000 1.000000
1 0.015259 0.500000 0.010000 1.000000
1 0.015259 0.500000 0.010000 1.000000
1 0.015259 0.500000 0.010000 1.000000
1 0.015258 0.500000 0.010000 1.000000
1 0.015254 0.500000 0.010000 1.000000
1 0.015253 0.500000 0.010000 1.000000
1 0.015253 0.500000 0.010000 1.000000
1 0.015253 0.500000 0.010000 1.000000
1 0.015253 0.500000 0.010000 1.000000
1 0.015253 0.500000 0.010000 1.000000
1 0.015253 0.500000 0.010000 1.000000
1 0.015253 0.500000 0.010000 1.000000
1 0.015253 0.500000 0.010000 1.000000
1 0.015253 0.500000 0.010000 1.000000
1 0.015253 0.500000 0.010000 1.000000
1 0.015252 0.500000 0.010000 1.000000
1 0.015252 0.500000 0.010000 1.000000
1 0.015252 0.500000 0.010000 1.000000
1 0.015251 0.500000 0.010000 1.000000
1 0.015251 0.500000 0.010000 1.000000
1 0.015250 0.500000 0.010000 1.000000
1 0.015250 0.500000 0.010000 1.000000
1 0.015250 0.500000 0.010000 1.000000
1 0.015250 0.500000 0.010000 1.000000
1 0.015250 0.500000 0.010000 1.000000
1 0.015249 0.500000 0.010000 1.000000
1 0.015249 0.500000 0.010000 1.000000
1 0.015249 0.500000 0.010000 1.000000
1 0.015244 0.500000 0.010000 1.000000
1 0.015236 0.500000 0.010000 1.000000
1 0.015233 0.500000 0.010000 1.000000
1 0.015233 0.500000 0.010000 1.000000
1 0.015233 0.500000 0.010000 1.000000
1 0.015233 0.500000 0.010000 1.000000
1 0.015233 0.500000 0.010000 1.000000
1 0.015233 0.500000 0.010000 1.000000
1 0.015233 0.500000 0.010000 1.000000
1 0.015233 0.500000 0.010000 1.000000
1 0.015233 0.500000 0.010000 1.000000
1 0.015233 0.500000 0.010000 1.000000
1 0.015233 0.500000 0.010000 1.000000
1 0.015233 0.500000 0.010000 1.000000
1 0.015233 0.500000 0.010000 1.000000
1 0.015232 0.500000 0.010000 1.000000
1 0.015232 0.500000 0.010000 1.000000
1 0.015232 0.500000 0.010000 1.000000
1 0.015230 0.500000 0.010000 1.000000
1 0.015225 0.500000 0.010000 1.000000
1 0.015224 0.500000 0.010000 1.000000
1 0.015214 0.500000 0.010000 1.000000
1 0.015177 0.500000 0.010000 1.000000
1 0.015176 0.500000 0.010000 1.000000
1 0.015175 0.500000 0.010000 1.000000
1 0.015174 0.500000 0.010000 1.000000
1 0.015174 0.500000 0.010000 1.000000
1 0.015174 0.500000 0.010000 1.000000
1 0.015174 0.500000 0.010000 1.000000
1 0.015174 0.500000 0.010000 1.000000
1 0.015174 0.500000 0.010000 1.000000
1 0.015174 0.500000 0.010000 1.000000
1 0.015174 0.500000 0.010000 1.000000
1 0.015174 0.500000 0.010000 1.000000
1 0.015174 0.500000 0.010000 1.000000
1 0.015173 0.500000 0.010000 1.000000
1 0.015173 0.500000 0.010000 1.000000
1 0.015173 0.500000 0.010000 1.000000
1 0.015173 0.500000 0.010000 1.000000
1 0.015173 0.500000 0.010000 1.000000
1 0.015170 0.500000 0.010000 1.000000
1 0.015168 0.500000 0.010000 1.000000
1 0.015167 0.500000 0.010000 1.000000
1 0.015167 0.500000 0.010000 1.000000
1 0.015167 0.500000 0.010000 1.000000
1 0.015167 0.500000 0.010000 1.000000
1 0.015166 0.500000 0.010000 1.000000
1 0.015166 0.500000 0.010000 1.000000
1 0.015166 0.500000 0.010000 1.000000
1 0.015166 0.500000 0.010000 1.000000
1 0.015166 0.500000 0.010000 1.000000
1 0.015165 0.500000 0.010000 1.000000
1 0.015165 0.500000 0.010000 1.000000
1 0.015164 0.500000 0.010000 1.000000
1 0.015164 0.500000 0.010000 1.000000
1 0.015164 0.500000 0.010000 1.000000
1 0.015164 0.500000 0.010000 1.000000
1 0.015163 0.500000 0.010000 1.000000
1 0.015162 0.500000 0.010000 1.000000
1 0.015161 0.500000 0.010000 1.000000
1 0.015161 0.500000 0.010000 1.000000
1 0.015160 0.500000 0.010000 1.000000
1 0.015159 0.500000 0.010000 1.000000
1 0.015159 0.500000 0.010000 1.000000
1 0.015157 0.500000 0.010000 1.000000
1 0.015153 0.500000 0.010000 1.000000
1 0.015150 0.500000 0.010000 1.000000
1 0.015148 0.500000 0.010000 1.000000
1 0.015148 0.500000 0.010000 1.000000
1 0.015148 0.500000 0.010000 1.000000
1 0.015148 0.500000 0.010000 1.000000
1 0.015148 0.500000 0.010000 1.000000
1 0.015148 0.500000 0.010000 1.000000
1 0.015148 0.500000 0.010000 1.000000
1 0.015148 0.500000 0.010000 1.000000
1 0.015148 0.500000 0.010000 1.000000
1 0.015148 0.500000 0.010000 1.000000
1 0.015148 0.500000 0.010000 1.000000
1 0.015147 0.500000 0.010000 1.000000
1 0.015146 0.500000 0.010000 1.000000
1 0.015145 0.500000 0.010000 1.000000
1 0.015142 0.500000 0.010000 1.000000
1 0.015141 0.500000 0.010000 1.000000
1 0.015139 0.500000 0.010000 1.000000
1 0.015139 0.500000 0.010000 1.000000
1 0.015137 0.500000 0.010000 1.000000
1 0.015137 0.500000 0.010000 1.000000
1 0.015135 0.500000 0.010000 1.000000
1 0.015133 0.500000 0.010000 1.000000
1 0.015132 0.500000 0.010000 1.000000
1 0.015131 0.500000 0.010000 1.000000
1 0.015128 0.500000 0.010000 1.000000
1 0.015127 0.500000 0.010000 1.000000
1 0.015117 0.500000 0.010000 1.000000
1 0.015117 0.500000 0.010000 1.000000
1 0.015117 0.500000 0.010000 1.000000
1 0.015112 0.500000 0.010000 1.000000
1 0.015106 0.500000 0.010000 1.000000
1 0.015102 0.500000 0.010000 1.000000
1 0.015102 0.500000 0.010000 1.000000
1 0.015102 0.500000 0.010000 1.000000
1 0.015102 0.500000 0.010000 1.000000
1 0.015102 0.500000 0.010000 1.000000
1 0.015101 0.500000 0.010000 1.000000
1 0.015101 0.500000 0.010000 1.000000
1 0.015101 0.500000 0.010000 1.000000
1 0.015100 0.500000 0.010000 1.000000
1 0.015100 0.500000 0.010000 1.000000
1 0.015098 0.500000 0.010000 1.000000
1 0.015098 0.500000 0.010000 1.000000
1 0.015097 0.500000 0.010000 1.000000
1 0.015097 0.500000 0.010000 1.000000
1 0.015097 0.500000 0.010000 1.000000
1 0.015083 0.500000 0.010000 1.000000
1 0.015083 0.500000 0.010000 1.000000
1 0.015083 0.500000 0.010000 1.000000
1 0.015082 0.500000 0.010000 1.000000
1 0.015082 0.500000 0.010000 1.000000
1 0.015082 0.500000 0.010000 1.000000
1 0.015082 0.500000 0.010000 1.000000
1 0.015077 0.500000 0.010000 1.000000
1 0.015056 0.500000 0.010000 1.000000
1 0.014923 0.500000 0.010000 1.000000
1 0.014894 0.500000 0.010000 1.000000
1 0.014893 0.500000 0.010000 1.000000
1 0.014884 0.500000 0.010000 1.000000
1 0.014877 0.500000 0.010000 1.000000
1 0.014876 0.500000 0.010000 1.000000
1 0.014876 0.500000 0.010000 1.000000
1 0.014876 0.500000 0.010000 1.000000
1 0.014875 0.500000 0.010000 1.000000
1 0.014875 0.500000 0.010000 1.000000
1 0.014875 0.500000 0.010000 1.000000
1 0.014875 0.500000 0.010000 1.000000
1 0.014875 0.500000 0.010000 1.000000
1 0.014875 0.500000 0.010000 1.000000
1 0.014875 0.500000 0.010000 1.000000
1 0.014875 0.500000 0.010000 1.000000
1 0.014875 0.500000 0.010000 1.000000
1 0.014872 0.500000 0.010000 1.000000
1 0.014867 0.500000 0.010000 1.000000
1 0.014866 0.500000 0.010000 1.000000
1 0.014818 0.500000 0.010000 1.000000
1 0.014817 0.500000 0.010000 1.000000
1 0.014817 0.500000 0.010000 1.000000
1 0.014817 0.500000 0.010000 1.000000
1 0.014817 0.500000 0.010000 1.000000
1 0.014817 0.500000 0.010000 1.000000
1 0.014817 0.500000 0.010000 1.000000
1 0.014817 0.500000 0.010000 1.000000
1 0.014816 0.500000 0.010000 1.000000
1 0.014816 0.500000 0.010000 1.000000
1 0.014809 0.500000 0.010000 1.000000
1 0.014809 0.500000 0.010000 1.000000
1 0.014808 0.500000 0.010000 1.000000
1 0.014808 0.500000 0.010000 1.000000
1 0.014808 0.500000 0.010000 1.000000
1 0.014808 0.500000 0.010000 1.000000
1 0.014807 0.500000 0.010000 1.000000
1 0.014806 0.500000 0.010000 1.000000
1 0.014804 0.500000 0.010000 1.000000
1 0.014804 0.500000 0.010000 1.000000
1 0.014804 0.500000 0.010000 1.000000
1 0.014804 0.500000 0.010000 1.000000
1 0.014804 0.500000 0.010000 1.000000
1 0.014804 0.500000 0.010000 1.000000
1 0.014804 0.500000 0.010000 1.000000
1 0.014802 0.500000 0.010000 1.000000
1 0.014799 0.500000 0.010000 1.000000
1 0.014799 0.500000 0.010000 1.000000
1 0.014799 0.500000 0.010000 1.000000
1 0.014799 0.500000 0.010000 1.000000
1 0.014791 0.500000 0.010000 1.000000
1 0.014791 0.500000 0.010000 1.000000
1 0.014790 0.500000 0.010000 1.000000
1 0.014790 0.500000 0.010000 1.000000
1 0.014790 0.500000 0.010000 1.000000
1 0.014790 0.500000 0.010000 1.000000
1 0.014790 0.500000 0.010000 1.000000
1 0.014790 0.500000 0.010000 1.000000
1 0.014790 0.500000 0.010000 1.000000
1 0.014789 0.500000 0.010000 1.000000
1 0.014788 0.500000 0.010000 1.000000
1 0.014786 0.500000 0.010000 1.000000
1 0.014784 0.500000 0.010000 1.000000
1 0.014782 0.500000 0.010000 1.000000
1 0.014781 0.500000 0.010000 1.000000
1 0.014781 0.500000 0.010000 1.000000
1 0.014776 0.500000 0.010000 1.000000
1 0.014775 0.500000 0.010000 1.000000
1 0.014775 0.500000 0.010000 1.000000
1 0.014775 0.500000 0.010000 1.000000
1 0.014720 0.500000 0.010000 1.000000
1 0.014719 0.500000 0.010000 1.000000
1 0.014716 0.500000 0.010000 1.000000
1 0.014704 0.500000 0.010000 1.000000
1 0.014547 0.500000 0.010000 1.000000
1 0.014546 0.500000 0.010000 1.000000
1 0.014546 0.500000 0.010000 1.000000
1 0.014545 0.500000 0.010000 1.000000
1 0.014544 0.500000 0.010000 1.000000
1 0.014544 0.500000 0.010000 1.000000
1 0.014543 0.500000 0.010000 1.000000
1 0.014542 0.500000 0.010000 1.000000
1 0.014541 0.500000 0.010000 1.000000
1 0.014535 0.500000 0.010000 1.000000
1 0.014531 0.500000 0.010000 1.000000
1 0.014527 0.500000 0.010000 1.000000
1 0.014527 0.500000 0.010000 1.000000
1 0.014526 0.500000 0.010000 1.000000
1 0.014518 0.500000 0.010000 1.000000
1 0.014518 0.500000 0.010000 1.000000
1 0.014518 0.500000 0.010000 1.000000
1 0.014518 0.500000 0.010000 1.000000
1 0.014518 0.500000 0.010000 1.000000
1 0.014518 0.500000 0.010000 1.000000
1 0.014518 0.500000 0.010000 1.000000
1 0.014518 0.500000 0.010000 1.000000
1 0.014517 0.500000 0.010000 1.000000
1 0.014515 0.500000 0.010000 1.000000
1 0.014511 0.500000 0.010000 1.000000
1 0.014509 0.500000 0.010000 1.000000
1 0.014459 0.500000 0.010000 1.000000
1 0.014456 0.500000 0.010000 1.000000
1 0.014456 0.500000 0.010000 1.000000
1 0.014453 0.500000 0.010000 1.000000
1 0.014452 0.500000 0.010000 1.000000
1 0.014451 0.500000 0.010000 1.000000
1 0.014451 0.500000 0.010000 1.000000
1 0.014450 0.500000 0.010000 1.000000
1 0.014450 0.500000 0.010000 1.000000
1 0.014447 0.500000 0.010000 1.000000
1 0.014445 0.500000 0.010000 1.000000
1 0.014444 0.500000 0.010000 1.000000
1 0.014443 0.500000 0.010000 1.000000
1 0.014443 0.500000 0.010000 1.000000
1 0.014443 0.500000 0.010000 1.000000
1 0.014443 0.500000 0.010000 1.000000
1 0.014442 0.500000 0.010000 1.000000
1 0.014441 0.500000 0.010000 1.000000
1 0.014439 0.500000 0.010000 1.000000
1 0.014439 0.500000 0.010000 1.000000
1 0.014435 0.500000 0.010000 1.000000
1 0.014435 0.500000 0.010000 1.000000
1 0.014434 0.500000 0.010000 1.000000
1 0.014433 0.500000 0.010000 1.000000
1 0.014433 0.500000 0.010000 1.000000
1 0.014433 0.500000 0.010000 1.000000
1 0.014432 0.500000 0.010000 1.000000
1 0.014432 0.500000 0.010000 1.000000
1 0.014431 0.500000 0.010000 1.000000
1 0.014427 0.500000 0.010000 1.000000
1 0.014424 0.500000 0.010000 1.000000
1 0.014421 0.500000 0.010000 1.000000
1 0.014420 0.500000 0.010000 1.000000
0 0.352860 0.500000 0.010000 1.000000
0 0.109418 0.500000 0.010000 1.000000
0 0.747964 0.500000 0.010000 1.000000
0 0.367837 0.500000 0.010000 1.000000
0 0.412618 0.500000 0.010000 1.000000
0 0.513408 0.500000 0.010000 1.000000
0 0.347450 0.500000 0.010000 1.000000
0 0.338992 0.500000 0.010000 1.000000
0 0.899039 0.500000 0.010000 1.000000
0 0.225558 0.500000 0.010000 1.000000
0 0.675972 0.500000 0.010000 1.000000
0 0.867167 0.500000 0.010000 1.000000
0 0.582633 0.500000 0.010000 1.000000
0 0.542061 0.500000 0.010000 1.000000
0 0.196877 0.500000 0.010000 1.000000
0 0.648189 0.500000 0.010000 1.000000
0 0.828684 0.500000 0.010000 1.000000
0 0.818958 0.500000 0.010000 1.000000
0 0.660285 0.500000 0.010000 1.000000
0 0.876999 0.500000 0.010000 1.000000
0 0.775571 0.500000 0.010000 1.000000
0 0.106960 0.500000 0.010000 1.000000
0 0.402092 0.500000 0.010000 1.000000
0 0.131747 0.500000 0.010000 1.000000
0 0.099848 0.500000 0.010000 1.000000
0 0.364006 0.500000 0.010000 1.000000
0 0.476597 0.500000 0.010000 1.000000
0 0.288786 0.500000 0.010000 1.000000
0 0.901698 0.500000 0.010000 1.000000
0 0.605769 0.500000 0.010000 1.000000
0 0.761936 0.500000 0.010000 1.000000
0 0.737503 0.500000 0.010000 1.000000
0 0.786012 0.500000 0.010000 1.000000
0 0.516851 0.500000 0.010000 1.000000
0 0.718163 0.500000 0.010000 1.000000
0 0.583684 0.500000 0.010000 1.000000
0 0.782947 0.500000 0.010000 1.000000
0 0.476702 0.500000 0.010000 1.000000
0 0.669193 0.500000 0.010000 1.000000
0 0.364157 0.500000 0.010000 1.000000
0 0.391617 0.500000 0.010000 1.000000
0 0.653672 0.500000 0.010000 1.000000
0 0.554536 0.500000 0.010000 1.000000
0 0.810154 0.500000 0.010000 1.000000
0 0.320753 0.500000 0.010000 1.000000
0 0.847446 0.500000 0.010000 1.000000
0 0.476657 0.500000 0.010000 1.000000
0 0.248257 0.500000 0.010000 1.000000
0 0.630266 0.500000 0.010000 1.000000
0 0.122001 0.500000 0.010000 1.000000
0 0.410223 0.500000 0.010000 1.000000
0 0.491921 0.500000 0.010000 1.000000
0 0.591365 0.500000 0.010000 1.000000
0 0.472269 0.500000 0.010000 1.000000
0 0.376924 0.500000 0.010000 1.000000
0 0.729516 0.500000 0.010000 1.000000
0 0.930168 0.500000 0.010000 1.000000
0 0.112591 0.500000 0.010000 1.000000
0 0.729100 0.500000 0.010000 1.000000
0 0.635866 0.500000 0.010000 1.000000
0 0.708707 0.500000 0.010000 1.000000
0 0.400428 0.500000 0.010000 1.000000
0 0.724161 0.500000 0.010000 1.000000
0 0.926838 0.500000 0.010000 1.000000
0 0.543933 0.500000 0.010000 1.000000
0 0.736172 0.500000 0.010000 1.000000
0 0.376612 0.500000 0.010000 1.000000
0 0.574958 0.500000 0.010000 1.000000
0 0.301867 0.500000 0.010000 1.000000
0 0.287807 0.500000 0.010000 1.000000
0 0.572221 0.500000 0.010000 1.000000
0 0.702746 0.500000 0.010000 1.000000
0 0.302896 0.500000 0.010000 1.000000
0 0.692175 0.500000 0.010000 1.000000
0 0.059015 0.500000 0.010000 1.000000
0 0.942231 0.500000 0.010000 1.000000
0 0.573002 0.500000 0.010000 1.000000
0 0.720098 0.500000 0.010000 1.000000
0 0.429866 0.500000 0.010000 1.000000
0 0.882905 0.500000 0.010000 1.000000
0 0.861220 0.500000 0.010000 1.000000
0 0.779575 0.500000 0.010000 1.000000
0 0.654247 0.500000 0.010000 1.000000
0 0.507435 0.500000 0.010000 1.000000
0 0.352927 0.500000 0.010000 1.000000
0 0.778704 0.500000 0.010000 1.000000
0 0.845118 0.500000 0.010000 1.000000
0 0.936060 0.500000 0.010000 1.000000
0 0.638589 0.500000 0.010000 1.000000
0 0.917374 0.500000 0.010000 1.000000
0 0.752857 0.500000 0.010000 1.000000
0 0.073707 0.500000 0.010000 1.000000
0 0.481286 0.500000 0.010000 1.000000
0 0.704916 0.500000 0.010000 1.000000
0 0.253541 0.500000 0.010000 1.000000
0 0.730043 0.500000 0.010000 1.000000
0 0.892534 0.500000 0.010000 1.000000
0 0.331363 0.500000 0.010000 1.000000
0 0.328690 0.500000 0.010000 1.000000
0 0.181992 0.500000 0.010000 1.000000
0 0.841347 0.500000 0.010000 1.000000
0 0.559460 0.500000 0.010000 1.000000
0 0.443701 0.500000 0.010000 1.000000
0 0.655600 0.500000 0.010000 1.000000
0 0.180512 0.500000 0.010000 1.000000
0 0.812814 0.500000 0.010000 1.000000
0 0.793636 0.500000 0.010000 1.000000
0 0.563347 0.500000 0.010000 1.000000
0 0.407196 0.500000 0.010000 1.000000
0 0.691323 0.500000 0.010000 1.000000
0 0.934199 0.500000 0.010000 1.000000
0 0.589791 0.500000 0.010000 1.000000
0 0.284009 0.500000 0.010000 1.000000
0 0.645380 0.500000 0.010000 1.000000
0 0.911452 0.500000 0.010000 1.000000
0 0.658655 0.500000 0.010000 1.000000
0 0.782707 0.500000 0.010000 1.000000
0 0.477418 0.500000 0.010000 1.000000
0 0.684472 0.500000 0.010000 1.000000
0 0.916112 0.500000 0.010000 1.000000
0 0.200695 0.500000 0.010000 1.000000
0 0.524727 0.500000 0.010000 1.000000
0 0.678108 0.500000 0.010000 1.000000
0 0.293939 0.500000 0.010000 1.000000
0 0.390438 0.500000 0.010000 1.000000
0 0.283040 0.500000 0.010000 1.000000
0 0.837743 0.500000 0.010000 1.000000
0 0.454738 0.500000 0.010000 1.000000
0 0.867585 0.500000 0.010000 1.000000
0 0.079679 0.500000 0.010000 1.000000
0 0.940058 0.500000 0.010000 1.000000
0 0.626305 0.500000 0.010000 1.000000
0 0.536985 0.500000 0.010000 1.000000
0 0.561253 0.500000 0.010000 1.000000
0 0.909515 0.500000 0.010000 1.000000
0 0.358833 0.500000 0.010000 1.000000
0 0.877620 0.500000 0.010000 1.000000
0 0.133818 0.500000 0.010000 1.000000
0 0.500959 0.500000 0.010000 1.000000
0 0.588877 0.500000 0.010000 1.000000
0 0.125430 0.500000 0.010000 1.000000
0 0.515211 0.500000 0.010000 1.000000
0 0.257618 0.500000 0.010000 1.000000
0 0.442718 0.500000 0.010000 1.000000
0 0.567542 0.500000 0.010000 1.000000
0 0.292646 0.500000 0.010000 1.000000
0 0.255949 0.500000 0.010000 1.000000
0 0.640684 0.500000 0.010000 1.000000
0 0.575688 0.500000 0.010000 1.000000
0 0.735803 0.500000 0.010000 1.000000
0 0.380026 0.500000 0.010000 1.000000
0 0.436801 0.500000 0.010000 1.000000
0 0.793224 0.500000 0.010000 1.000000
0 0.524994 0.500000 0.010000 1.000000
0 0.333304 0.500000 0.010000 1.000000
0 0.231998 0.500000 0.010000 1.000000
0 0.601932 0.500000 0.010000 1.000000
0 0.564272 0.500000 0.010000 1.000000
0 0.519083 0.500000 0.010000 1.000000
0 0.825685 0.500000 0.010000 1.000000
0 0.684463 0.500000 0.010000 1.000000
0 0.375102 0.500000 0.010000 1.000000
0 0.467261 0.500000 0.010000 1.000000
0 0.569017 0.500000 0.010000 1.000000
0 0.903452 0.500000 0.010000 1.000000
0 0.351473 0.500000 0.010000 1.000000
0 0.362037 0.500000 0.010000 1.000000
0 0.080321 0.500000 0.010000 1.000000
0 0.350466 0.500000 0.010000 1.000000
0 0.154498 0.500000 0.010000 1.000000
0 0.685166 0.500000 0.010000 1.000000
0 0.824984 0.500000 0.010000 1.000000
0 0.606272 0.500000 0.010000 1.000000
0 0.474168 0.500000 0.010000 1.000000
0 0.424026 0.500000 0.010000 1.000000
0 0.691675 0.500000 0.010000 1.000000
0 0.389802 0.500000 0.010000 1.000000
0 0.053681 0.500000 0.010000 1.000000
0 0.897234 0.500000 0.010000 1.000000
0 0.744860 0.500000 0.010000 1.000000
0 0.064412 0.500000 0.010000 1.000000
0 0.618557 0.500000 0.010000 1.000000
0 0.679885 0.500000 0.010000 1.000000
0 0.680807 0.500000 0.010000 1.000000
0 0.885067 0.500000 0.010000 1.000000
0 0.419080 0.500000 0.010000 1.000000
0 0.431705 0.500000 0.010000 1.000000
0 0.714111 0.500000 0.010000 1.000000
0 0.665072 0.500000 0.010000 1.000000
0 0.536198 0.500000 0.010000 1.000000
0 0.507813 0.500000 0.010000 1.000000
0 0.271442 0.500000 0.010000 1.000000
0 0.478953 0.500000 0.010000 1.000000
0 0.946822 0.500000 0.010000 1.000000
0 0.474756 0.500000 0.010000 1.000000
0 0.887536 0.500000 0.010000 1.000000
0 0.534431 0.500000 0.010000 1.000000
0 0.710730 0.500000 0.010000 1.000000
0 0.650640 0.500000 0.010000 1.000000
0 0.746764 0.500000 0.010000 1.000000
0 0.089097 0.500000 0.010000 1.000000
0 0.508754 0.500000 0.010000 1.000000
0 0.104378 0.500000 0.010000 1.000000
0 0.589795 0.500000 0.010000 1.000000
0 0.647721 0.500000 0.010000 1.000000
0 0.659075 0.500000 0.010000 1.000000
0 0.195926 0.500000 0.010000 1.000000
0 0.101882 0.500000 0.010000 1.000000
0 0.349693 0.500000 0.010000 1.000000
0 0.877968 0.500000 0.010000 1.000000
0 0.922111 0.500000 0.010000 1.000000
0 0.762471 0.500000 0.010000 1.000000
0 0.427334 0.500000 0.010000 1.000000
0 0.758613 0.500000 0.010000 1.000000
0 0.199477 0.500000 0.010000 1.000000
0 0.892257 0.500000 0.010000 1.000000
0 0.298911 0.500000 0.010000 1.000000
0 0.347093 0.500000 0.010000 1.000000
0 0.082764 0.500000 0.010000 1.000000
0 0.473761 0.500000 0.010000 1.000000
0 0.930023 0.500000 0.010000 1.000000
0 0.844283 0.500000 0.010000 1.000000
0 0.330830 0.500000 0.010000 1.000000
0 0.398701 0.500000 0.010000 1.000000
0 0.608800 0.500000 0.010000 1.000000
0 0.944188 0.500000 0.010000 1.000000
0 0.361365 0.500000 0.010000 1.000000
0 0.381862 0.500000 0.010000 1.000000
0 0.322302 0.500000 0.010000 1.000000
0 0.182651 0.500000 0.010000 1.000000
0 0.798540 0.500000 0.010000 1.000000
0 0.325431 0.500000 0.010000 1.000000
0 0.929976 0.500000 0.010000 1.000000
0 0.836387 0.500000 0.010000 1.000000
0 0.189139 0.500000 0.010000 1.000000
0 0.262274 0.500000 0.010000 1.000000
0 0.433752 0.500000 0.010000 1.000000
0 0.308955 0.500000 0.010000 1.000000
0 0.189138 0.500000 0.010000 1.000000
0 0.396051 0.500000 0.010000 1.000000
0 0.410181 0.500000 0.010000 1.000000
0 0.577081 0.500000 0.010000 1.000000
0 0.419656 0.500000 0.010000 1.000000
0 0.880569 0.500000 0.010000 1.000000
0 0.444602 0.500000 0.010000 1.000000
0 0.217697 0.500000 0.010000 1.000000
0 0.316365 0.500000 0.010000 1.000000
0 0.744987 0.500000 0.010000 1.000000
0 0.584361 0.500000 0.010000 1.000000
0 0.717768 0.500000 0.010000 1.000000
0 0.200659 0.500000 0.010000 1.000000
0 0.581386 0.500000 0.010000 1.000000
0 0.708272 0.500000 0.010000 1.000000
0 0.132590 0.500000 0.010000 1.000000
0 0.525426 0.500000 0.010000 1.000000
0 0.489172 0.500000 0.010000 1.000000
0 0.779895 0.500000 0.010000 1.000000
0 0.641374 0.500000 0.010000 1.000000
0 0.818424 0.500000 0.010000 1.000000
0 0.187807 0.500000 0.010000 1.000000
0 0.598409 0.500000 0.010000 1.000000
0 0.624914 0.500000 0.010000 1.000000
0 0.819006 0.500000 0.010000 1.000000
0 0.478950 0.500000 0.010000 1.000000
0 0.483490 0.500000 0.010000 1.000000
0 0.233974 0.500000 0.010000 1.000000
0 0.558546 0.500000 0.010000 1.000000
0 0.637563 0.500000 0.010000 1.000000
0 0.141621 0.500000 0.010000 1.000000
0 0.649093 0.500000 0.010000 1.000000
0 0.670613 0.500000 0.010000 1.000000
0 0.600696 0.500000 0.010000 1.000000
0 0.406552 0.500000 0.010000 1.000000
0 0.226587 0.500000 0.010000 1.000000
0 0.944804 0.500000 0.010000 1.000000
0 0.638041 0.500000 0.010000 1.000000
0 0.256184 0.500000 0.010000 1.000000
0 0.474826 0.500000 0.010000 1.000000
0 0.307376 0.500000 0.010000 1.000000
0 0.335833 0.500000 0.010000 1.000000
0 0.214982 0.500000 0.010000 1.000000
0 0.398709 0.500000 0.010000 1.000000
0 0.287377 0.500000 0.010000 1.000000
0 0.786566 0.500000 0.010000 1.000000
0 0.914204 0.500000 0.010000 1.000000
0 0.412344 0.500000 0.010000 1.000000
0 0.877936 0.500000 0.010000 1.000000
0 0.157035 0.500000 0.010000 1.000000
0 0.763520 0.500000 0.010000 1.000000
0 0.814093 0.500000 0.010000 1.000000
0 0.933339 0.500000 0.010000 1.000000
0 0.493872 0.500000 0.010000 1.000000
0 0.437270 0.500000 0.010000 1.000000
0 0.406646 0.500000 0.010000 1.000000
0 0.504179 0.500000 0.010000 1.000000
0 0.554057 0.500000 0.010000 1.000000
0 0.702952 0.500000 0.010000 1.000000
0 0.820761 0.500000 0.010000 1.000000
0 0.920307 0.500000 0.010000 1.000000
0 0.427450 0.500000 0.010000 1.000000
0 0.625192 0.500000 0.010000 1.000000
0 0.124069 0.500000 0.010000 1.000000
0 0.573123 0.500000 0.010000 1.000000
0 0.941083 0.500000 0.010000 1.000000
0 0.418013 0.500000 0.010000 1.000000
0 0.494805 0.500000 0.010000 1.000000
0 0.487719 0.500000 0.010000 1.000000
0 0.678065 0.500000 0.010000 1.000000
0 0.468263 0.500000 0.010000 1.000000
0 0.208405 0.500000 0.010000 1.000000
0 0.285508 0.500000 0.010000 1.000000
0 0.297218 0.500000 0.010000 1.000000
0 0.691218 0.500000 0.010000 1.000000
0 0.638652 0.500000 0.010000 1.000000
0 0.235756 0.500000 0.010000 1.000000
0 0.768822 0.500000 0.010000 1.000000
0 0.611882 0.500000 0.010000 1.000000
0 0.289775 0.500000 0.010000 1.000000
0 0.288466 0.500000 0.010000 1.000000
0 0.498252 0.500000 0.010000 1.000000
0 0.832757 0.500000 0.010000 1.000000
0 0.874126 0.500000 0.010000 1.000000
0 0.510811 0.500000 0.010000 1.000000
0 0.302097 0.500000 0.010000 1.000000
0 0.593020 0.500000 0.010000 1.000000
0 0.856454 0.500000 0.010000 1.000000
0 0.352147 0.500000 0.010000 1.000000
0 0.429522 0.500000 0.010000 1.000000
0 0.878340 0.500000 0.010000 1.000000
0 0.713145 0.500000 0.010000 1.000000
0 0.778741 0.500000 0.010000 1.000000
0 0.346232 0.500000 0.010000 1.000000
0 0.108446 0.500000 0.010000 1.000000
0 0.516154 0.500000 0.010000 1.000000
0 0.686587 0.500000 0.010000 1.000000
0 0.366735 0.500000 0.010000 1.000000
0 0.254326 0.500000 0.010000 1.000000
0 0.062124 0.500000 0.010000 1.000000
0 0.756449 0.500000 0.010000 1.000000
0 0.216388 0.500000 0.010000 1.000000
0 0.160567 0.500000 0.010000 1.000000
0 0.422067 0.500000 0.010000 1.000000
0 0.390633 0.500000 0.010000 1.000000
0 0.454458 0.500000 0.010000 1.000000
0 0.313108 0.500000 0.010000 1.000000
0 0.568315 0.500000 0.010000 1.000000
0 0.537902 0.500000 0.010000 1.000000
0 0.711463 0.500000 0.010000 1.000000
0 0.079419 0.500000 0.010000 1.000000
0 0.114803 0.500000 0.010000 1.000000
0 0.642153 0.500000 0.010000 1.000000
0 0.479568 0.500000 0.010000 1.000000
0 0.125962 0.500000 0.010000 1.000000
0 0.492497 0.500000 0.010000 1.000000
0 0.818498 0.500000 0.010000 1.000000
0 0.392586 0.500000 0.010000 1.000000
0 0.396954 0.500000 0.010000 1.000000
0 0.269499 0.500000 0.010000 1.000000
0 0.293866 0.500000 0.010000 1.000000
0 0.532840 0.500000 0.010000 1.000000
0 0.429765 0.500000 0.010000 1.000000
0 0.559944 0.500000 0.010000 1.000000
0 0.835554 0.500000 0.010000 1.000000
0 0.898644 0.500000 0.010000 1.000000
0 0.166977 0.500000 0.010000 1.000000
0 0.770916 0.500000 0.010000 1.000000
0 0.826509 0.500000 0.010000 1.000000
0 0.646698 0.500000 0.010000 1.000000
0 0.328099 0.500000 0.010000 1.000000
0 0.460072 0.500000 0.010000 1.000000
0 0.586857 0.500000 0.010000 1.000000
0 0.585362 0.500000 0.010000 1.000000
0 0.712132 0.500000 0.010000 1.000000
0 0.367683 0.500000 0.010000 1.000000
0 0.586665 0.500000 0.010000 1.000000
0 0.603087 0.500000 0.010000 1.000000
0 0.783739 0.500000 0.010000 1.000000
0 0.728181 0.500000 0.010000 1.000000
0 0.584734 0.500000 0.010000 1.000000
0 0.666188 0.500000 0.010000 1.000000
0 0.553697 0.500000 0.010000 1.000000
0 0.248213 0.500000 0.010000 1.000000
0 0.547572 0.500000 0.010000 1.000000
0 0.056384 0.500000 0.010000 1.000000
0 0.071025 0.500000 0.010000 1.000000
0 0.369988 0.500000 0.010000 1.000000
0 0.262030 0.500000 0.010000 1.000000
0 0.681041 0.500000 0.010000 1.000000
0 0.167174 0.500000 0.010000 1.000000
0 0.304555 0.500000 0.010000 1.000000
0 0.868230 0.500000 0.010000 1.000000
0 0.559925 0.500000 0.010000 1.000000
0 0.756117 0.500000 0.010000 1.000000
0 0.653830 0.500000 0.010000 1.000000
0 0.354087 0.500000 0.010000 1.000000
0 0.384342 0.500000 0.010000 1.000000
0 0.639938 0.500000 0.010000 1.000000
0 0.820322 0.500000 0.010000 1.000000
0 0.720509 0.500000 0.010000 1.000000
0 0.773036 0.500000 0.010000 1.000000
0 0.562895 0.500000 0.010000 1.000000
0 0.933031 0.500000 0.010000 1.000000
0 0.425630 0.500000 0.010000 1.000000
0 0.354376 0.500000 0.010000 1.000000
0 0.364829 0.500000 0.010000 1.000000
0 0.563601 0.500000 0.010000 1.000000
0 0.377810 0.500000 0.010000 1.000000
0 0.684876 0.500000 0.010000 1.000000
0 0.246123 0.500000 0.010000 1.000000
0 0.803311 0.500000 0.010000 1.000000
0 0.693729 0.500000 0.010000 1.000000
0 0.476474 0.500000 0.010000 1.000000
0 0.266486 0.500000 0.010000 1.000000
0 0.660982 0.500000 0.010000 1.000000
0 0.135993 0.500000 0.010000 1.000000
0 0.274676 0.500000 0.010000 1.000000
0 0.574250 0.500000 0.010000 1.000000
0 0.246284 0.500000 0.010000 1.000000
0 0.249961 0.500000 0.010000 1.000000
0 0.607740 0.500000 0.010000 1.000000
0 0.315516 0.500000 0.010000 1.000000
0 0.896245 0.500000 0.010000 1.000000
0 0.634786 0.500000 0.010000 1.000000
0 0.336142 0.500000 0.010000 1.000000
0 0.212170 0.500000 0.010000 1.000000
0 0.094820 0.500000 0.010000 1.000000
0 0.520493 0.500000 0.010000 1.000000
0 0.576820 0.500000 0.010000 1.000000
0 0.171333 0.500000 0.010000 1.000000
0 0.939848 0.500000 0.010000 1.000000
0 0.120918 0.500000 0.010000 1.000000
0 0.277867 0.500000 0.010000 1.000000
0 0.585211 0.500000 0.010000 1.000000
0 0.433843 0.500000 0.010000 1.000000
0 0.674544 0.500000 0.010000 1.000000
0 0.391555 0.500000 0.010000 1.000000
0 0.322836 0.500000 0.010000 1.000000
0 0.904868 0.500000 0.010000 1.000000
0 0.732646 0.500000 0.010000 1.000000
0 0.432143 0.500000 0.010000 1.000000
0 0.530263 0.500000 0.010000 1.000000
0 0.727115 0.500000 0.010000 1.000000
0 0.784359 0.500000 0.010000 1.000000
0 0.815387 0.500000 0.010000 1.000000
0 0.506935 0.500000 0.010000 1.000000
0 0.701451 0.500000 0.010000 1.000000
0 0.249252 0.500000 0.010000 1.000000
0 0.630856 0.500000 0.010000 1.000000
0 0.421987 0.500000 0.010000 1.000000
0 0.467551 0.500000 0.010000 1.000000
0 0.813967 0.500000 0.010000 1.000000
0 0.685551 0.500000 0.010000 1.000000
0 0.648065 0.500000 0.010000 1.000000
0 0.645610 0.500000 0.010000 1.000000
0 0.159746 0.500000 0.010000 1.000000
0 0.219700 0.500000 0.010000 1.000000
0 0.198196 0.500000 0.010000 1.000000
0 0.069205 0.500000 0.010000 1.000000
0 0.836684 0.500000 0.010000 1.000000
0 0.592625 0.500000 0.010000 1.000000
0 0.381803 0.500000 0.010000 1.000000
0 0.823829 0.500000 0.010000 1.000000
0 0.288879 0.500000 0.010000 1.000000
0 0.377712 0.500000 0.010000 1.000000
0 0.588243 0.500000 0.010000 1.000000
0 0.388949 0.500000 0.010000 1.000000
0 0.865030 0.500000 0.010000 1.000000
0 0.708916 0.500000 0.010000 1.000000
0 0.232177 0.500000 0.010000 1.000000
0 0.918624 0.500000 0.010000 1.000000
0 0.592745 0.500000 0.010000 1.000000
0 0.817172 0.500000 0.010000 1.000000
0 0.221117 0.500000 0.010000 1.000000
0 0.292481 0.500000 0.010000 1.000000
0 0.392184 0.500000 0.010000 1.000000
0 0.171329 0.500000 0.010000 1.000000
0 0.349356 0.500000 0.010000 1.000000
0 0.644872 0.500000 0.010000 1.000000
0 0.776962 0.500000 0.010000 1.000000
0 0.850252 0.500000 0.010000 1.000000
0 0.581436 0.500000 0.010000 1.000000
0 0.282007 0.500000 0.010000 1.000000
0 0.912869 0.500000 0.010000 1.000000
0 0.622229 0.500000 0.010000 1.000000
0 0.419052 0.500000 0.010000 1.000000
0 0.562700 0.500000 0.010000 1.000000
0 0.797667 0.500000 0.010000 1.000000
0 0.194499 0.500000 0.010000 1.000000
0 0.739648 0.500000 0.010000 1.000000
0 0.580808 0.500000 0.010000 1.000000
0 0.312394 0.500000 0.010000 1.000000
0 0.866002 0.500000 0.010000 1.000000
0 0.565543 0.500000 0.010000 1.000000
0 0.110346 0.500000 0.010000 1.000000
0 0.650233 0.500000 0.010000 1.000000
0 0.934512 0.500000 0.010000 1.000000
0 0.164957 0.500000 0.010000 1.000000
0 0.395628 0.500000 0.010000 1.000000
0 0.579816 0.500000 0.010000 1.000000
0 0.838969 0.500000 0.010000 1.000000
0 0.819803 0.500000 0.010000 1.000000
0 0.751903 0.500000 0.010000 1.000000
0 0.681612 0.500000 0.010000 1.000000
0 0.777443 0.500000 0.010000 1.000000
0 0.472885 0.500000 0.010000 1.000000
0 0.318250 0.500000 0.010000 1.000000
0 0.059236 0.500000 0.010000 1.000000
0 0.203639 0.500000 0.010000 1.000000
0 0.255653 0.500000 0.010000 1.000000
0 0.379857 0.500000 0.010000 1.000000
0 0.363928 0.500000 0.010000 1.000000
0 0.576531 0.500000 0.010000 1.000000
0 0.087142 0.500000 0.010000 1.000000
0 0.613538 0.500000 0.010000 1.000000
0 0.801983 0.500000 0.010000 1.000000
0 0.614952 0.500000 0.010000 1.000000
0 0.661577 0.500000 0.010000 1.000000
0 0.225905 0.500000 0.010000 1.000000
0 0.511781 0.500000 0.010000 1.000000
0 0.383998 0.500000 0.010000 1.000000
0 0.701761 0.500000 0.010000 1.000000
0 0.787744 0.500000 0.010000 1.000000
0 0.052665 0.500000 0.010000 1.000000
0 0.926774 0.500000 0.010000 1.000000
0 0.937457 0.500000 0.010000 1.000000
0 0.156478 0.500000 0.010000 1.000000
0 0.643715 0.500000 0.010000 1.000000
0 0.922137 0.500000 0.010000 1.000000
0 0.094238 0.500000 0.010000 1.000000
0 0.911088 0.500000 0.010000 1.000000
0 0.657509 0.500000 0.010000 1.000000
0 0.834963 0.500000 0.010000 1.000000
0 0.236225 0.500000 0.010000 1.000000
0 0.120417 0.500000 0.010000 1.000000
0 0.636601 0.500000 0.010000 1.000000
