1 0.031471 0.500000 0.010000 1.000000
1 0.031037 0.500000 0.010000 1.000000
1 0.031036 0.500000 0.010000 1.000000
1 0.030552 0.500000 0.010000 1.000000
1 0.030527 0.500000 0.010000 1.000000
1 0.030527 0.500000 0.010000 1.000000
1 0.030527 0.500000 0.010000 1.000000
1 0.030523 0.500000 0.010000 1.000000
1 0.030518 0.500000 0.010000 1.000000
1 0.030511 0.500000 0.010000 1.000000
1 0.030304 0.500000 0.010000 1.000000
1 0.030304 0.500000 0.010000 1.000000
1 0.029570 0.500000 0.010000 1.000000
1 0.029564 0.500000 0.010000 1.000000
1 0.029564 0.500000 0.010000 1.000000
1 0.029564 0.500000 0.010000 1.000000
1 0.029562 0.500000 0.010000 1.000000
1 0.029558 0.500000 0.010000 1.000000
1 0.029554 0.500000 0.010000 1.000000
1 0.029542 0.500000 0.010000 1.000000
1 0.029542 0.500000 0.010000 1.000000
1 0.029542 0.500000 0.010000 1.000000
1 0.029530 0.500000 0.010000 1.000000
1 0.029530 0.500000 0.010000 1.000000
1 0.029529 0.500000 0.010000 1.000000
1 0.029246 0.500000 0.010000 1.000000
1 0.028840 0.500000 0.010000 1.000000
1 0.028840 0.500000 0.010000 1.000000
1 0.028839 0.500000 0.010000 1.000000
0 0.711058 0.500000 0.010000 1.000000
0 0.212004 0.500000 0.010000 1.000000
0 0.347467 0.500000 0.010000 1.000000
0 0.678024 0.500000 0.010000 1.000000
0 0.599651 0.500000 0.010000 1.000000
0 0.129562 0.500000 0.010000 1.000000
0 0.743710 0.500000 0.010000 1.000000
0 0.316990 0.500000 0.010000 1.000000
0 0.494405 0.500000 0.010000 1.000000
0 0.716132 0.500000 0.010000 1.000000
0 0.467202 0.500000 0.010000 1.000000
0 0.292763 0.500000 0.010000 1.000000
0 0.060625 0.500000 0.010000 1.000000
0 0.466347 0.500000 0.010000 1.000000
0 0.418901 0.500000 0.010000 1.000000
0 0.161744 0.500000 0.010000 1.000000
0 0.617314 0.500000 0.010000 1.000000
0 0.412915 0.500000 0.010000 1.000000
0 0.620862 0.500000 0.010000 1.000000
0 0.797202 0.500000 0.010000 1.000000
0 0.404295 0.500000 0.010000 1.000000
0 0.933969 0.500000 0.010000 1.000000
0 0.509512 0.500000 0.010000 1.000000
0 0.472037 0.500000 0.010000 1.000000
0 0.653884 0.500000 0.010000 1.000000
0 0.705307 0.500000 0.010000 1.000000
0 0.173311 0.500000 0.010000 1.000000
0 0.155484 0.500000 0.010000 1.000000
0 0.568778 0.500000 0.010000 1.000000
