1 0.017168 0.500000 0.010000 1.000000
1 0.017167 0.500000 0.010000 1.000000
1 0.017166 0.500000 0.010000 1.000000
1 0.017166 0.500000 0.010000 1.000000
1 0.017166 0.500000 0.010000 1.000000
1 0.017155 0.500000 0.010000 1.000000
1 0.017151 0.500000 0.010000 1.000000
1 0.017120 0.500000 0.010000 1.000000
1 0.017120 0.500000 0.010000 1.000000
1 0.017105 0.500000 0.010000 1.000000
1 0.017090 0.500000 0.010000 1.000000
1 0.017039 0.500000 0.010000 1.000000
1 0.017013 0.500000 0.010000 1.000000
1 0.016983 0.500000 0.010000 1.000000
1 0.016983 0.500000 0.010000 1.000000
1 0.016983 0.500000 0.010000 1.000000
1 0.016975 0.500000 0.010000 1.000000
1 0.016937 0.500000 0.010000 1.000000
1 0.016896 0.500000 0.010000 1.000000
1 0.016829 0.500000 0.010000 1.000000
1 0.016785 0.500000 0.010000 1.000000
1 0.016696 0.500000 0.010000 1.000000
1 0.016696 0.500000 0.010000 1.000000
1 0.016690 0.500000 0.010000 1.000000
1 0.016682 0.500000 0.010000 1.000000
1 0.016681 0.500000 0.010000 1.000000
1 0.016681 0.500000 0.010000 1.000000
1 0.016672 0.500000 0.010000 1.000000
1 0.016667 0.500000 0.010000 1.000000
1 0.016667 0.500000 0.010000 1.000000
1 0.016667 0.500000 0.010000 1.000000
1 0.016667 0.500000 0.010000 1.000000
1 0.016667 0.500000 0.010000 1.000000
1 0.016663 0.500000 0.010000 1.000000
1 0.016663 0.500000 0.010000 1.000000
1 0.016663 0.500000 0.010000 1.000000
1 0.016663 0.500000 0.010000 1.000000
1 0.016388 0.500000 0.010000 1.000000
1 0.016249 0.500000 0.010000 1.000000
1 0.016247 0.500000 0.010000 1.000000
1 0.016239 0.500000 0.010000 1.000000
1 0.016239 0.500000 0.010000 1.000000
1 0.016238 0.500000 0.010000 1.000000
1 0.016238 0.500000 0.010000 1.000000
1 0.016235 0.500000 0.010000 1.000000
1 0.016230 0.500000 0.010000 1.000000
1 0.016222 0.500000 0.010000 1.000000
1 0.016221 0.500000 0.010000 1.000000
1 0.016221 0.500000 0.010000 1.000000
1 0.016219 0.500000 0.010000 1.000000
1 0.016212 0.500000 0.010000 1.000000
1 0.016212 0.500000 0.010000 1.000000
1 0.016212 0.500000 0.010000 1.000000
1 0.016205 0.500000 0.010000 1.000000
1 0.016022 0.500000 0.010000 1.000000
1 0.015655 0.500000 0.010000 1.000000
1 0.015304 0.500000 0.010000 1.000000
1 0.015303 0.500000 0.010000 1.000000
1 0.015303 0.500000 0.010000 1.000000
1 0.015303 0.500000 0.010000 1.000000
1 0.015303 0.500000 0.010000 1.000000
1 0.015303 0.500000 0.010000 1.000000
1 0.015298 0.500000 0.010000 1.000000
1 0.015293 0.500000 0.010000 1.000000
1 0.015293 0.500000 0.010000 1.000000
1 0.015293 0.500000 0.010000 1.000000
1 0.015293 0.500000 0.010000 1.000000
1 0.015293 0.500000 0.010000 1.000000
1 0.015293 0.500000 0.010000 1.000000
1 0.015272 0.500000 0.010000 1.000000
1 0.015266 0.500000 0.010000 1.000000
1 0.015266 0.500000 0.010000 1.000000
1 0.015266 0.500000 0.010000 1.000000
1 0.015266 0.500000 0.010000 1.000000
1 0.015266 0.500000 0.010000 1.000000
1 0.015266 0.500000 0.010000 1.000000
1 0.015260 0.500000 0.010000 1.000000
1 0.015260 0.500000 0.010000 1.000000
1 0.015260 0.500000 0.010000 1.000000
1 0.015259 0.500000 0.010000 1.000000
1 0.015259 0.500000 0.010000 1.000000
1 0.015259 0.500000 0.010000 1.000000
1 0.015259 0.500000 0.010000 1.000000
1 0.015259 0.500000 0.010000 1.000000
1 0.015259 0.500000 0.010000 1.000000
1 0.015252 0.500000 0.010000 1.000000
1 0.015252 0.500000 0.010000 1.000000
1 0.015252 0.500000 0.010000 1.000000
1 0.015252 0.500000 0.010000 1.000000
1 0.015252 0.500000 0.010000 1.000000
1 0.015252 0.500000 0.010000 1.000000
1 0.015252 0.500000 0.010000 1.000000
1 0.015252 0.500000 0.010000 1.000000
1 0.015252 0.500000 0.010000 1.000000
1 0.015252 0.500000 0.010000 1.000000
1 0.015252 0.500000 0.010000 1.000000
1 0.015251 0.500000 0.010000 1.000000
1 0.015251 0.500000 0.010000 1.000000
1 0.015251 0.500000 0.010000 1.000000
1 0.015251 0.500000 0.010000 1.000000
1 0.015251 0.500000 0.010000 1.000000
1 0.015251 0.500000 0.010000 1.000000
1 0.015251 0.500000 0.010000 1.000000
1 0.015251 0.500000 0.010000 1.000000
1 0.015251 0.500000 0.010000 1.000000
1 0.015251 0.500000 0.010000 1.000000
1 0.015250 0.500000 0.010000 1.000000
1 0.015250 0.500000 0.010000 1.000000
1 0.015250 0.500000 0.010000 1.000000
1 0.015250 0.500000 0.010000 1.000000
1 0.015249 0.500000 0.010000 1.000000
1 0.015242 0.500000 0.010000 1.000000
1 0.015233 0.500000 0.010000 1.000000
1 0.015233 0.500000 0.010000 1.000000
1 0.015233 0.500000 0.010000 1.000000
1 0.015233 0.500000 0.010000 1.000000
1 0.015233 0.500000 0.010000 1.000000
1 0.015233 0.500000 0.010000 1.000000
1 0.015233 0.500000 0.010000 1.000000
1 0.015232 0.500000 0.010000 1.000000
1 0.015232 0.500000 0.010000 1.000000
1 0.015141 0.500000 0.010000 1.000000
1 0.015085 0.500000 0.010000 1.000000
1 0.015084 0.500000 0.010000 1.000000
1 0.015084 0.500000 0.010000 1.000000
1 0.015083 0.500000 0.010000 1.000000
1 0.015082 0.500000 0.010000 1.000000
1 0.015079 0.500000 0.010000 1.000000
1 0.015079 0.500000 0.010000 1.000000
1 0.015074 0.500000 0.010000 1.000000
1 0.015072 0.500000 0.010000 1.000000
1 0.015004 0.500000 0.010000 1.000000
1 0.014923 0.500000 0.010000 1.000000
1 0.014894 0.500000 0.010000 1.000000
1 0.014877 0.500000 0.010000 1.000000
1 0.014818 0.500000 0.010000 1.000000
1 0.014818 0.500000 0.010000 1.000000
1 0.014817 0.500000 0.010000 1.000000
1 0.014817 0.500000 0.010000 1.000000
1 0.014817 0.500000 0.010000 1.000000
1 0.014817 0.500000 0.010000 1.000000
1 0.014808 0.500000 0.010000 1.000000
1 0.014808 0.500000 0.010000 1.000000
1 0.014808 0.500000 0.010000 1.000000
1 0.014808 0.500000 0.010000 1.000000
1 0.014806 0.500000 0.010000 1.000000
1 0.014804 0.500000 0.010000 1.000000
1 0.014804 0.500000 0.010000 1.000000
1 0.014804 0.500000 0.010000 1.000000
1 0.014803 0.500000 0.010000 1.000000
1 0.014799 0.500000 0.010000 1.000000
1 0.014799 0.500000 0.010000 1.000000
1 0.014799 0.500000 0.010000 1.000000
1 0.014799 0.500000 0.010000 1.000000
1 0.014799 0.500000 0.010000 1.000000
1 0.014790 0.500000 0.010000 1.000000
1 0.014790 0.500000 0.010000 1.000000
1 0.014790 0.500000 0.010000 1.000000
1 0.014790 0.500000 0.010000 1.000000
1 0.014790 0.500000 0.010000 1.000000
1 0.014790 0.500000 0.010000 1.000000
1 0.014789 0.500000 0.010000 1.000000
1 0.014787 0.500000 0.010000 1.000000
1 0.014781 0.500000 0.010000 1.000000
1 0.014781 0.500000 0.010000 1.000000
1 0.014776 0.500000 0.010000 1.000000
1 0.014775 0.500000 0.010000 1.000000
1 0.014775 0.500000 0.010000 1.000000
1 0.014750 0.500000 0.010000 1.000000
1 0.014537 0.500000 0.010000 1.000000
0 0.889483 0.500000 0.010000 1.000000
0 0.681847 0.500000 0.010000 1.000000
0 0.586803 0.500000 0.010000 1.000000
0 0.138448 0.500000 0.010000 1.000000
0 0.363502 0.500000 0.010000 1.000000
0 0.549779 0.500000 0.010000 1.000000
0 0.159437 0.500000 0.010000 1.000000
0 0.550310 0.500000 0.010000 1.000000
0 0.935624 0.500000 0.010000 1.000000
0 0.837161 0.500000 0.010000 1.000000
0 0.137305 0.500000 0.010000 1.000000
0 0.129741 0.500000 0.010000 1.000000
0 0.123777 0.500000 0.010000 1.000000
0 0.176851 0.500000 0.010000 1.000000
0 0.655107 0.500000 0.010000 1.000000
0 0.820672 0.500000 0.010000 1.000000
0 0.392400 0.500000 0.010000 1.000000
0 0.423838 0.500000 0.010000 1.000000
0 0.912827 0.500000 0.010000 1.000000
0 0.790460 0.500000 0.010000 1.000000
0 0.941117 0.500000 0.010000 1.000000
0 0.783919 0.500000 0.010000 1.000000
0 0.709441 0.500000 0.010000 1.000000
0 0.814857 0.500000 0.010000 1.000000
0 0.467042 0.500000 0.010000 1.000000
0 0.708579 0.500000 0.010000 1.000000
0 0.340306 0.500000 0.010000 1.000000
0 0.789168 0.500000 0.010000 1.000000
0 0.699271 0.500000 0.010000 1.000000
0 0.251881 0.500000 0.010000 1.000000
0 0.265923 0.500000 0.010000 1.000000
0 0.609673 0.500000 0.010000 1.000000
0 0.284563 0.500000 0.010000 1.000000
0 0.883678 0.500000 0.010000 1.000000
0 0.644887 0.500000 0.010000 1.000000
0 0.899436 0.500000 0.010000 1.000000
0 0.592799 0.500000 0.010000 1.000000
0 0.170361 0.500000 0.010000 1.000000
0 0.933283 0.500000 0.010000 1.000000
0 0.837044 0.500000 0.010000 1.000000
0 0.427903 0.500000 0.010000 1.000000
0 0.254154 0.500000 0.010000 1.000000
0 0.697161 0.500000 0.010000 1.000000
0 0.853328 0.500000 0.010000 1.000000
0 0.316721 0.500000 0.010000 1.000000
0 0.484153 0.500000 0.010000 1.000000
0 0.365578 0.500000 0.010000 1.000000
0 0.142337 0.500000 0.010000 1.000000
0 0.256218 0.500000 0.010000 1.000000
0 0.327669 0.500000 0.010000 1.000000
0 0.285321 0.500000 0.010000 1.000000
0 0.476175 0.500000 0.010000 1.000000
0 0.423999 0.500000 0.010000 1.000000
0 0.425113 0.500000 0.010000 1.000000
0 0.690872 0.500000 0.010000 1.000000
0 0.275689 0.500000 0.010000 1.000000
0 0.726681 0.500000 0.010000 1.000000
0 0.379845 0.500000 0.010000 1.000000
0 0.719656 0.500000 0.010000 1.000000
0 0.340820 0.500000 0.010000 1.000000
0 0.557807 0.500000 0.010000 1.000000
0 0.455823 0.500000 0.010000 1.000000
0 0.797798 0.500000 0.010000 1.000000
0 0.735872 0.500000 0.010000 1.000000
0 0.889611 0.500000 0.010000 1.000000
0 0.631401 0.500000 0.010000 1.000000
0 0.326000 0.500000 0.010000 1.000000
0 0.564442 0.500000 0.010000 1.000000
0 0.467161 0.500000 0.010000 1.000000
0 0.264965 0.500000 0.010000 1.000000
0 0.558574 0.500000 0.010000 1.000000
0 0.782214 0.500000 0.010000 1.000000
0 0.778751 0.500000 0.010000 1.000000
0 0.894707 0.500000 0.010000 1.000000
0 0.482588 0.500000 0.010000 1.000000
0 0.763695 0.500000 0.010000 1.000000
0 0.248091 0.500000 0.010000 1.000000
0 0.155011 0.500000 0.010000 1.000000
0 0.076811 0.500000 0.010000 1.000000
0 0.852851 0.500000 0.010000 1.000000
0 0.834509 0.500000 0.010000 1.000000
0 0.340354 0.500000 0.010000 1.000000
0 0.365752 0.500000 0.010000 1.000000
0 0.934161 0.500000 0.010000 1.000000
0 0.740455 0.500000 0.010000 1.000000
0 0.618968 0.500000 0.010000 1.000000
0 0.504615 0.500000 0.010000 1.000000
0 0.558215 0.500000 0.010000 1.000000
0 0.243476 0.500000 0.010000 1.000000
0 0.454752 0.500000 0.010000 1.000000
0 0.781203 0.500000 0.010000 1.000000
0 0.087060 0.500000 0.010000 1.000000
0 0.656088 0.500000 0.010000 1.000000
0 0.944394 0.500000 0.010000 1.000000
0 0.822810 0.500000 0.010000 1.000000
0 0.482095 0.500000 0.010000 1.000000
0 0.472118 0.500000 0.010000 1.000000
0 0.804252 0.500000 0.010000 1.000000
0 0.329221 0.500000 0.010000 1.000000
0 0.138225 0.500000 0.010000 1.000000
0 0.109802 0.500000 0.010000 1.000000
0 0.693868 0.500000 0.010000 1.000000
0 0.760029 0.500000 0.010000 1.000000
0 0.359647 0.500000 0.010000 1.000000
0 0.583546 0.500000 0.010000 1.000000
0 0.315043 0.500000 0.010000 1.000000
0 0.357164 0.500000 0.010000 1.000000
0 0.296985 0.500000 0.010000 1.000000
0 0.618936 0.500000 0.010000 1.000000
0 0.852385 0.500000 0.010000 1.000000
0 0.799771 0.500000 0.010000 1.000000
0 0.759387 0.500000 0.010000 1.000000
0 0.848782 0.500000 0.010000 1.000000
0 0.132014 0.500000 0.010000 1.000000
0 0.072605 0.500000 0.010000 1.000000
0 0.800154 0.500000 0.010000 1.000000
0 0.655488 0.500000 0.010000 1.000000
0 0.574714 0.500000 0.010000 1.000000
0 0.148465 0.500000 0.010000 1.000000
0 0.079540 0.500000 0.010000 1.000000
0 0.645736 0.500000 0.010000 1.000000
0 0.716923 0.500000 0.010000 1.000000
0 0.134468 0.500000 0.010000 1.000000
0 0.928632 0.500000 0.010000 1.000000
0 0.427275 0.500000 0.010000 1.000000
0 0.390270 0.500000 0.010000 1.000000
0 0.754184 0.500000 0.010000 1.000000
0 0.324937 0.500000 0.010000 1.000000
0 0.639228 0.500000 0.010000 1.000000
0 0.319937 0.500000 0.010000 1.000000
0 0.102685 0.500000 0.010000 1.000000
0 0.431228 0.500000 0.010000 1.000000
0 0.728243 0.500000 0.010000 1.000000
0 0.738648 0.500000 0.010000 1.000000
0 0.595958 0.500000 0.010000 1.000000
0 0.815159 0.500000 0.010000 1.000000
0 0.887126 0.500000 0.010000 1.000000
0 0.820387 0.500000 0.010000 1.000000
0 0.276431 0.500000 0.010000 1.000000
0 0.085412 0.500000 0.010000 1.000000
0 0.924630 0.500000 0.010000 1.000000
0 0.064012 0.500000 0.010000 1.000000
0 0.466587 0.500000 0.010000 1.000000
0 0.876131 0.500000 0.010000 1.000000
0 0.869792 0.500000 0.010000 1.000000
0 0.803468 0.500000 0.010000 1.000000
0 0.688652 0.500000 0.010000 1.000000
0 0.620693 0.500000 0.010000 1.000000
0 0.092866 0.500000 0.010000 1.000000
0 0.329872 0.500000 0.010000 1.000000
0 0.152317 0.500000 0.010000 1.000000
0 0.836280 0.500000 0.010000 1.000000
0 0.362106 0.500000 0.010000 1.000000
0 0.446118 0.500000 0.010000 1.000000
0 0.061213 0.500000 0.010000 1.000000
0 0.551698 0.500000 0.010000 1.000000
0 0.384829 0.500000 0.010000 1.000000
0 0.779380 0.500000 0.010000 1.000000
0 0.226475 0.500000 0.010000 1.000000
0 0.621487 0.500000 0.010000 1.000000
0 0.476736 0.500000 0.010000 1.000000
0 0.660753 0.500000 0.010000 1.000000
0 0.349095 0.500000 0.010000 1.000000
0 0.731916 0.500000 0.010000 1.000000
0 0.109876 0.500000 0.010000 1.000000
0 0.553443 0.500000 0.010000 1.000000
0 0.157134 0.500000 0.010000 1.000000
0 0.150836 0.500000 0.010000 1.000000
0 0.537372 0.500000 0.010000 1.000000
0 0.852167 0.500000 0.010000 1.000000
