1 0.031471 0.500000 0.010000 1.000000
1 0.031280 0.500000 0.010000 1.000000
1 0.031037 0.500000 0.010000 1.000000
1 0.031036 0.500000 0.010000 1.000000
1 0.031036 0.500000 0.010000 1.000000
1 0.031026 0.500000 0.010000 1.000000
1 0.030518 0.500000 0.010000 1.000000
1 0.030517 0.500000 0.010000 1.000000
1 0.030304 0.500000 0.010000 1.000000
1 0.030304 0.500000 0.010000 1.000000
1 0.030304 0.500000 0.010000 1.000000
1 0.029564 0.500000 0.010000 1.000000
1 0.029564 0.500000 0.010000 1.000000
1 0.028840 0.500000 0.010000 1.000000
1 0.028840 0.500000 0.010000 1.000000
1 0.028839 0.500000 0.010000 1.000000
0 0.112213 0.500000 0.010000 1.000000
0 0.855182 0.500000 0.010000 1.000000
0 0.099658 0.500000 0.010000 1.000000
0 0.617130 0.500000 0.010000 1.000000
0 0.688773 0.500000 0.010000 1.000000
0 0.123985 0.500000 0.010000 1.000000
0 0.055399 0.500000 0.010000 1.000000
0 0.415452 0.500000 0.010000 1.000000
0 0.288475 0.500000 0.010000 1.000000
0 0.083543 0.500000 0.010000 1.000000
0 0.730093 0.500000 0.010000 1.000000
0 0.354204 0.500000 0.010000 1.000000
0 0.786063 0.500000 0.010000 1.000000
0 0.748559 0.500000 0.010000 1.000000
0 0.705576 0.500000 0.010000 1.000000
0 0.810703 0.500000 0.010000 1.000000
