0 0.180344 0.028674 0.004578 0.035842
0 0.335968 0.028674 0.020081 0.035842
0 0.660927 0.032258 0.008133 0.043011
0 0.676224 0.028674 0.007568 0.035842
0 0.683121 0.028674 0.005035 0.035842
0 0.835983 0.028674 0.020111 0.035842
0 0.659187 0.107527 0.004593 0.035842
0 0.335983 0.232975 0.020111 0.157706
0 0.651833 0.232975 0.026810 0.157706
0 0.679733 0.232975 0.020111 0.157706
0 0.835983 0.232975 0.020111 0.157706
0 0.179733 0.238351 0.020111 0.146953
0 0.351746 0.259857 0.006683 0.046595
0 0.367233 0.274194 0.020111 0.075269
0 0.862732 0.274194 0.029114 0.075269
0 0.148483 0.275986 0.020111 0.071685
0 0.054794 0.265233 0.019958 0.035842
0 0.085983 0.265233 0.020111 0.035842
0 0.210983 0.265233 0.020111 0.035842
0 0.304733 0.265233 0.020111 0.035842
0 0.429726 0.265233 0.020096 0.035842
0 0.460983 0.265233 0.020111 0.035842
0 0.554733 0.265233 0.020111 0.035842
0 0.585983 0.265233 0.020111 0.035842
0 0.710983 0.272401 0.020111 0.050179
0 0.804733 0.265233 0.020111 0.035842
0 0.929733 0.265233 0.020111 0.035842
0 0.960983 0.265233 0.020111 0.035842
0 0.725800 0.275986 0.004578 0.035842
0 0.733017 0.275986 0.005249 0.035842
0 0.739540 0.275986 0.005539 0.035842
0 0.335403 0.336918 0.004578 0.035842
0 0.682732 0.336918 0.004715 0.035842
0 0.830338 0.336918 0.004578 0.035842
0 0.837395 0.336918 0.009018 0.035842